0.000000	0.257521	0.249325	0.247634	0.234557	0.239640	0.235189	0.236559	0.239033	0.249453	0.239107	0.243028	0.263459	0.236940	0.246097	0.236627	0.249551	0.242181	0.234138	0.227882	0.246441	0.245283	0.239496	0.227551	0.228866	0.230530	0.228004	0.245455	0.234712	0.231884	0.211470	0.269283	0.240588	0.243478	0.235933	0.233993	0.243705	0.244385	0.233212	0.232580	0.229433	0.226257	0.223840	0.241472	0.235663	0.241441	0.250896	0.231322	0.260028	0.227882	0.233333	0.252936	0.236396	0.227518	0.241558	0.237030	0.238351	0.237925	0.227679	0.232413	0.246590	0.261808	0.235135	0.242883	0.244227	0.235504	0.247941	0.219290	0.231111	0.241224	0.237624	0.235714	0.234712	0.246154	0.245081	0.243682	0.245081	0.255278	0.265597	0.240541	0.241877	0.247302	0.243738	0.221913	0.221172	0.232159	0.222422	0.236937	0.240108	0.248649	0.238095	0.236890	0.255376	0.233090	0.241192	0.249077	0.246575	0.228776	0.240260	0.264117	0.247111	0.249777	0.236590	0.242242	0.243902	0.244141	0.240272	0.231685	0.247715	0.228346	0.226126	0.238914	0.228440	0.248873	0.264545	0.244824	0.256604	0.246637	0.251121	0.244405	0.255856	0.233184	0.243902	0.241697	0.221429	0.233083	0.231323	0.256938	0.253378	0.234619	0.232877	0.237712	0.228468	0.252915	0.252041	0.243486	0.228104	0.232516	0.241935	0.238698	0.239424	0.248442	0.233871	0.257194	0.258065	0.239151	0.244624	0.249548	0.247698	0.214730	0.223907	0.252936	0.240842	0.240179	0.256250	0.211608	0.254760	0.233603	0.224122	0.254709	0.238606	0.260327	0.238267	0.232704	0.227437	0.242764	0.222618	0.238954	0.229185	0.221326	0.237410	0.256957	0.243970	0.239072	0.238047	0.242667	0.250223	0.230631	0.232828	0.241748	0.245989	0.230009	0.237756	0.237143	0.256637	0.239038	0.256228	0.231250	0.228315	0.242780	0.249765	0.246441	0.251578	0.234275	0.235347	
0.257521	0.000000	0.256208	0.268128	0.250283	0.251969	0.264706	0.248315	0.259091	0.263294	0.256538	0.262640	0.250965	0.255466	0.253209	0.241972	0.266968	0.256726	0.264938	0.262683	0.265695	0.268707	0.255025	0.243719	0.268116	0.243156	0.241420	0.234611	0.258797	0.261959	0.228604	0.262700	0.240826	0.247511	0.253801	0.245638	0.251693	0.262980	0.260023	0.240283	0.237054	0.229604	0.257176	0.252273	0.241808	0.263337	0.253378	0.252252	0.237774	0.248874	0.237020	0.251142	0.260674	0.243488	0.260140	0.258679	0.252834	0.237557	0.246900	0.257015	0.250627	0.245819	0.249151	0.250281	0.248322	0.255892	0.268349	0.247153	0.251121	0.256787	0.254835	0.239910	0.260476	0.261959	0.260428	0.271380	0.267717	0.265455	0.262626	0.274266	0.256527	0.243792	0.248775	0.236597	0.249115	0.249154	0.248307	0.246871	0.249154	0.251701	0.258542	0.253394	0.259301	0.250863	0.271493	0.253766	0.257506	0.250564	0.242286	0.273041	0.247768	0.274972	0.239905	0.254568	0.262557	0.257282	0.234793	0.244266	0.250859	0.254854	0.268320	0.256818	0.272203	0.231201	0.261768	0.246032	0.248507	0.240449	0.272009	0.254237	0.265909	0.245753	0.262500	0.257768	0.242424	0.255269	0.265607	0.271091	0.248954	0.234070	0.257437	0.251121	0.252847	0.258465	0.254453	0.261608	0.246136	0.256849	0.254505	0.254257	0.269012	0.257848	0.266440	0.253697	0.276083	0.252336	0.266968	0.256208	0.262181	0.269576	0.282340	0.274576	0.277136	0.257015	0.255919	0.239003	0.256849	0.276404	0.249151	0.266892	0.259843	0.249701	0.248284	0.260181	0.263873	0.264261	0.249158	0.257627	0.226204	0.254218	0.251131	0.275176	0.262238	0.248315	0.249683	0.256757	0.252537	0.262147	0.251969	0.260382	0.263453	0.238470	0.258929	0.271104	0.258808	0.233169	0.271077	0.234222	0.267920	0.263039	0.257913	0.260918	0.269099	0.242250	0.256849	
0.249325	0.256208	0.000000	0.254962	0.230466	0.255981	0.258320	0.241680	0.246227	0.255319	0.255193	0.249367	0.272824	0.239130	0.277325	0.238974	0.252181	0.256309	0.231255	0.244269	0.255704	0.277424	0.232692	0.248134	0.240793	0.254086	0.248114	0.255233	0.250199	0.251401	0.240887	0.249012	0.258170	0.246813	0.242096	0.248366	0.246434	0.256329	0.237329	0.252534	0.258065	0.251036	0.257908	0.258552	0.250593	0.245628	0.257732	0.259409	0.259211	0.234968	0.230032	0.250999	0.250197	0.252773	0.268564	0.248614	0.246032	0.243072	0.265403	0.248038	0.268642	0.269521	0.256574	0.256289	0.261381	0.245268	0.263415	0.247191	0.240188	0.264659	0.256983	0.237195	0.254183	0.263955	0.248423	0.253408	0.263823	0.264884	0.262205	0.263074	0.253791	0.272222	0.262211	0.235779	0.245188	0.244996	0.245462	0.235388	0.251987	0.267248	0.238437	0.249402	0.248423	0.231767	0.257857	0.271242	0.255422	0.253555	0.247706	0.254854	0.244706	0.255118	0.246587	0.237010	0.257166	0.252174	0.245462	0.242276	0.255682	0.244074	0.251192	0.250599	0.234477	0.242641	0.241129	0.261772	0.247078	0.235714	0.267984	0.269352	0.247012	0.242472	0.254589	0.265638	0.254131	0.244796	0.264377	0.269200	0.258320	0.252799	0.252013	0.265032	0.249599	0.270420	0.259813	0.249402	0.248927	0.252006	0.261041	0.245404	0.249603	0.254517	0.271937	0.253577	0.277696	0.256579	0.237795	0.253386	0.258987	0.241055	0.248227	0.244232	0.244898	0.249605	0.249211	0.266517	0.269816	0.268987	0.222399	0.265873	0.240347	0.257265	0.250400	0.245044	0.250794	0.256835	0.237008	0.241434	0.251185	0.245253	0.244849	0.256979	0.256432	0.235619	0.254812	0.248819	0.245669	0.245628	0.253155	0.252955	0.252366	0.248216	0.261006	0.265141	0.258255	0.258457	0.251409	0.247953	0.250229	0.250000	0.260000	0.251770	0.259761	0.251208	0.254980	
0.247634	0.268128	0.254962	0.000000	0.229938	0.253435	0.263720	0.264526	0.259202	0.262810	0.255217	0.275142	0.270000	0.247649	0.262090	0.267692	0.291411	0.254932	0.279211	0.261468	0.290030	0.292049	0.259076	0.238782	0.258065	0.215415	0.255850	0.261682	0.266362	0.275809	0.249619	0.250000	0.247278	0.291958	0.243671	0.242928	0.238168	0.260274	0.257716	0.244582	0.246933	0.258970	0.250769	0.267692	0.253823	0.248841	0.246177	0.229675	0.250489	0.254573	0.250765	0.258462	0.250000	0.259202	0.249071	0.253823	0.242009	0.246951	0.262519	0.244310	0.250799	0.279113	0.261868	0.260606	0.262840	0.261398	0.254237	0.232198	0.245827	0.278714	0.258410	0.247720	0.261468	0.256528	0.259542	0.264931	0.261796	0.267516	0.260606	0.259939	0.252680	0.243119	0.241706	0.247649	0.241002	0.247706	0.255352	0.256881	0.242009	0.258860	0.243077	0.258359	0.255352	0.256923	0.226502	0.262830	0.259720	0.255352	0.247312	0.255778	0.251515	0.269697	0.267913	0.246057	0.253823	0.267296	0.240250	0.262195	0.264615	0.248025	0.255708	0.255385	0.264526	0.227481	0.264615	0.236559	0.265403	0.259146	0.274540	0.263720	0.261137	0.248848	0.252308	0.268105	0.261398	0.242947	0.257967	0.264122	0.269231	0.251248	0.266564	0.240964	0.266462	0.255743	0.251216	0.258359	0.256250	0.228616	0.251142	0.234206	0.270353	0.262918	0.262270	0.241167	0.284536	0.244479	0.234043	0.251524	0.265211	0.246753	0.263400	0.251149	0.257319	0.248485	0.257967	0.253571	0.266771	0.262195	0.263077	0.253799	0.252664	0.263736	0.250000	0.263804	0.278116	0.272446	0.237519	0.277350	0.256449	0.220030	0.238240	0.241433	0.241538	0.258015	0.274959	0.274390	0.260606	0.264615	0.256881	0.259484	0.257576	0.248855	0.298485	0.293040	0.264599	0.269450	0.257290	0.252144	0.250789	0.254992	0.274448	0.267477	0.260736	0.237947	0.249617	
0.234557	0.250283	0.230466	0.229938	0.000000	0.248815	0.254902	0.231975	0.233491	0.265657	0.245788	0.246173	0.244703	0.223794	0.243156	0.238057	0.239592	0.256831	0.241810	0.230047	0.253894	0.264729	0.231801	0.227907	0.239662	0.236882	0.253942	0.242206	0.232522	0.237718	0.239812	0.250991	0.240681	0.245087	0.248201	0.250818	0.242756	0.242947	0.234313	0.239130	0.230400	0.234182	0.254400	0.246855	0.234742	0.239216	0.241569	0.226542	0.252288	0.224922	0.223715	0.234783	0.235386	0.240784	0.235149	0.225882	0.222135	0.239624	0.241595	0.247278	0.244019	0.241855	0.239937	0.258540	0.237170	0.241998	0.232071	0.241872	0.226708	0.234510	0.239748	0.227592	0.243307	0.259113	0.243159	0.256349	0.239249	0.254919	0.258190	0.239780	0.234783	0.249804	0.234242	0.234910	0.231281	0.242280	0.232995	0.236133	0.238959	0.247836	0.233255	0.238959	0.253521	0.231942	0.243631	0.241519	0.232428	0.232813	0.235099	0.258220	0.246501	0.236165	0.242809	0.241848	0.248025	0.237847	0.251712	0.220080	0.234300	0.246742	0.231918	0.237382	0.251212	0.235664	0.235012	0.216430	0.255390	0.249410	0.239624	0.264476	0.238395	0.233542	0.250000	0.244980	0.248438	0.240527	0.236967	0.253532	0.248819	0.263787	0.244622	0.231612	0.220986	0.234093	0.250232	0.241923	0.224872	0.233756	0.222396	0.242063	0.237983	0.235798	0.246479	0.243902	0.254873	0.236393	0.252739	0.256714	0.238866	0.238848	0.250779	0.238583	0.236246	0.242779	0.247068	0.234773	0.257732	0.244898	0.232101	0.253731	0.241810	0.259102	0.228639	0.240596	0.241923	0.257800	0.241621	0.236364	0.236719	0.224922	0.251370	0.256327	0.236020	0.236349	0.235455	0.250779	0.236534	0.241352	0.244531	0.228549	0.245504	0.235294	0.255452	0.263514	0.221960	0.238482	0.249433	0.223916	0.248856	0.237008	0.247525	0.254475	0.258090	0.238437	0.236780	
0.239640	0.251969	0.255981	0.253435	0.248815	0.000000	0.253354	0.246835	0.236133	0.256566	0.237339	0.257614	0.266667	0.242678	0.260764	0.260870	0.259084	0.253145	0.243902	0.243711	0.247843	0.258525	0.243738	0.250467	0.251894	0.261516	0.243943	0.253430	0.247227	0.273163	0.247830	0.237845	0.251223	0.258102	0.233755	0.235551	0.252174	0.253165	0.248800	0.231481	0.243156	0.243377	0.249596	0.265290	0.241135	0.247423	0.247235	0.260459	0.276983	0.254933	0.250399	0.251392	0.237049	0.246630	0.248462	0.242902	0.235946	0.231678	0.243307	0.247253	0.250000	0.256892	0.253968	0.268235	0.261346	0.240755	0.254870	0.245404	0.244914	0.270142	0.270270	0.245283	0.246630	0.250399	0.244287	0.263368	0.252167	0.257981	0.259230	0.258525	0.247414	0.239113	0.243546	0.235391	0.239697	0.260558	0.243691	0.229848	0.266084	0.262490	0.244232	0.263283	0.260458	0.251212	0.240192	0.263844	0.245374	0.260016	0.260149	0.262903	0.258418	0.259230	0.236752	0.230000	0.262321	0.252393	0.242450	0.241741	0.260552	0.253705	0.262282	0.245418	0.243902	0.234921	0.253623	0.263283	0.248120	0.258907	0.253555	0.251577	0.260524	0.245253	0.261943	0.258509	0.250983	0.257877	0.248013	0.266351	0.265079	0.258333	0.255833	0.251379	0.249800	0.242688	0.256052	0.255151	0.233476	0.249002	0.247439	0.250799	0.255556	0.266458	0.243286	0.246825	0.275964	0.246103	0.264196	0.267886	0.263072	0.241088	0.252549	0.239905	0.257120	0.262785	0.255319	0.239106	0.257781	0.254531	0.238699	0.240316	0.254517	0.279010	0.249201	0.251781	0.257937	0.244408	0.243902	0.256961	0.253543	0.234412	0.240916	0.259016	0.257237	0.235063	0.255474	0.265723	0.260220	0.252974	0.261006	0.252747	0.243116	0.248221	0.256852	0.251691	0.224442	0.246964	0.248018	0.210836	0.239230	0.255759	0.268880	0.257255	0.258552	0.235294	0.243437	
0.235189	0.264706	0.258320	0.263720	0.254902	0.253354	0.000000	0.244305	0.247836	0.244713	0.232213	0.259873	0.258201	0.238532	0.252216	0.253195	0.240784	0.241998	0.236534	0.252937	0.246298	0.272013	0.259579	0.230269	0.235405	0.234328	0.234855	0.238974	0.241542	0.255556	0.249021	0.261842	0.250203	0.254879	0.248877	0.242128	0.245876	0.260972	0.235294	0.239366	0.225160	0.237860	0.241573	0.237195	0.249412	0.231132	0.241948	0.249666	0.261658	0.230588	0.248019	0.234363	0.246490	0.243116	0.240444	0.233542	0.232887	0.248238	0.247068	0.248050	0.254286	0.265255	0.244672	0.237724	0.253302	0.244722	0.253430	0.242089	0.245723	0.254702	0.240316	0.231069	0.248227	0.267248	0.259984	0.254762	0.249609	0.259418	0.244531	0.239370	0.254545	0.231496	0.235897	0.233089	0.242905	0.249406	0.248433	0.238889	0.240316	0.240347	0.251975	0.242688	0.252351	0.248996	0.238854	0.262945	0.257987	0.243941	0.249172	0.251603	0.240280	0.244531	0.243861	0.243415	0.255538	0.246528	0.255337	0.238134	0.261290	0.255004	0.239559	0.252964	0.243942	0.247447	0.247802	0.255538	0.267442	0.241732	0.248627	0.270588	0.261830	0.245283	0.252573	0.235531	0.253323	0.235294	0.248221	0.248627	0.251563	0.235240	0.249402	0.240219	0.229117	0.260972	0.235403	0.248423	0.233844	0.224603	0.255286	0.261490	0.235248	0.253894	0.255887	0.255319	0.268148	0.237357	0.269381	0.249209	0.244534	0.227400	0.248050	0.236635	0.243725	0.239844	0.242567	0.239779	0.263492	0.246468	0.239370	0.229560	0.251950	0.252115	0.256329	0.245283	0.258675	0.249385	0.240219	0.246044	0.245889	0.223354	0.245490	0.249389	0.236214	0.255469	0.241160	0.244150	0.239844	0.244479	0.237089	0.239844	0.257232	0.234093	0.240842	0.258108	0.249706	0.252703	0.245176	0.216628	0.242674	0.247439	0.247729	0.248636	0.257301	0.227636	0.240126	
0.236559	0.248315	0.241680	0.264526	0.231975	0.246835	0.244305	0.000000	0.218995	0.246465	0.225074	0.257942	0.244161	0.239800	0.250404	0.244409	0.246069	0.238468	0.231612	0.228661	0.240654	0.244672	0.230622	0.229767	0.223585	0.250000	0.241722	0.235152	0.266562	0.237113	0.235479	0.265440	0.240065	0.241339	0.243243	0.248366	0.244914	0.237421	0.232909	0.233333	0.235577	0.216749	0.241767	0.245462	0.235294	0.243307	0.252160	0.270161	0.248042	0.226667	0.241872	0.233571	0.244340	0.230346	0.239211	0.232522	0.232101	0.245683	0.247455	0.229329	0.254528	0.263819	0.252573	0.243180	0.249221	0.255668	0.246983	0.248413	0.228016	0.240377	0.238735	0.224219	0.252765	0.262907	0.233725	0.237490	0.247843	0.249571	0.249414	0.235063	0.240506	0.241948	0.244027	0.221405	0.233723	0.242089	0.230227	0.216839	0.253956	0.236220	0.217837	0.250791	0.246865	0.253215	0.257371	0.249595	0.231815	0.246479	0.239834	0.240354	0.225857	0.243560	0.239186	0.228468	0.242902	0.235906	0.239485	0.235105	0.249395	0.252833	0.220472	0.250198	0.252223	0.242329	0.245192	0.238924	0.258520	0.235016	0.246275	0.238058	0.245075	0.245876	0.258703	0.252216	0.236904	0.243176	0.233571	0.246661	0.241325	0.238227	0.229600	0.235893	0.236089	0.234093	0.235788	0.248227	0.239557	0.242448	0.254702	0.253175	0.237983	0.240842	0.258418	0.243691	0.266667	0.237745	0.249804	0.235759	0.245955	0.233427	0.264844	0.245476	0.230583	0.249804	0.245889	0.244420	0.262113	0.235063	0.229740	0.243711	0.236904	0.248727	0.242472	0.235479	0.243883	0.257002	0.233959	0.230830	0.239624	0.221440	0.234878	0.264922	0.222589	0.215012	0.246588	0.245710	0.243941	0.235804	0.236904	0.249805	0.238841	0.235479	0.258970	0.257412	0.245283	0.245924	0.254791	0.238263	0.262580	0.247235	0.253300	0.258190	0.242688	0.234824	0.234412	
0.239033	0.259091	0.246227	0.259202	0.233491	0.236133	0.247836	0.218995	0.000000	0.260606	0.241824	0.256705	0.254237	0.232247	0.250809	0.253205	0.228594	0.254503	0.233542	0.229984	0.249219	0.255722	0.230843	0.233924	0.225472	0.268657	0.251870	0.252209	0.230709	0.251987	0.237795	0.238472	0.246954	0.244521	0.236724	0.232202	0.242520	0.252756	0.221069	0.234899	0.236758	0.220115	0.243981	0.245059	0.224314	0.226698	0.253543	0.248985	0.239159	0.220299	0.223810	0.250199	0.241784	0.223798	0.254007	0.225629	0.235016	0.229020	0.232394	0.231250	0.242105	0.249685	0.237113	0.244150	0.244930	0.231010	0.240905	0.244427	0.230709	0.251770	0.233941	0.221267	0.230648	0.250199	0.239592	0.251192	0.256672	0.245283	0.235709	0.249211	0.249802	0.234461	0.234589	0.220131	0.237458	0.233519	0.223881	0.224165	0.246835	0.258294	0.220903	0.245447	0.246275	0.237942	0.247209	0.256078	0.231385	0.246275	0.268657	0.231756	0.234973	0.247261	0.258723	0.226158	0.251185	0.228223	0.247635	0.231638	0.245955	0.237140	0.233807	0.233941	0.232201	0.239937	0.258635	0.252573	0.248133	0.240536	0.250589	0.268025	0.244076	0.243116	0.250990	0.231018	0.241379	0.246065	0.239148	0.241352	0.234076	0.255556	0.242983	0.237647	0.236422	0.248031	0.254884	0.240316	0.237158	0.224522	0.238208	0.246227	0.250593	0.234375	0.250000	0.246445	0.247748	0.229320	0.249018	0.243458	0.232520	0.241347	0.252344	0.237757	0.246353	0.236307	0.259404	0.238255	0.240064	0.248428	0.235201	0.231861	0.246082	0.246599	0.235481	0.239559	0.255924	0.247117	0.227095	0.231379	0.250392	0.228774	0.243902	0.246519	0.249794	0.224745	0.242701	0.241595	0.241595	0.239148	0.234143	0.233959	0.228840	0.228774	0.234375	0.230978	0.246753	0.227831	0.258248	0.224586	0.243367	0.238547	0.248760	0.250585	0.249406	0.243590	0.242280	
0.249453	0.263294	0.255319	0.262810	0.265657	0.256566	0.244713	0.246465	0.260606	0.000000	0.264706	0.260807	0.249080	0.248694	0.268318	0.268839	0.271903	0.263791	0.261785	0.246479	0.265531	0.278507	0.250577	0.234637	0.248600	0.223317	0.263549	0.256148	0.253293	0.261134	0.264646	0.258443	0.244856	0.258149	0.258938	0.250311	0.261398	0.267732	0.256853	0.240799	0.254842	0.250261	0.260470	0.260870	0.252525	0.251521	0.274924	0.228748	0.275495	0.250503	0.256825	0.246201	0.249499	0.243927	0.225490	0.257056	0.252515	0.256539	0.264854	0.255767	0.257919	0.276812	0.253036	0.273273	0.261261	0.257286	0.250257	0.240041	0.251000	0.255533	0.245187	0.259000	0.251012	0.256073	0.260826	0.254082	0.277666	0.256163	0.249749	0.255319	0.251521	0.255298	0.252986	0.229102	0.275239	0.266464	0.247485	0.238579	0.258097	0.274014	0.254842	0.255081	0.259073	0.244127	0.271984	0.266735	0.247951	0.251509	0.254432	0.241201	0.248746	0.264794	0.258271	0.267338	0.262944	0.262009	0.268898	0.242579	0.262616	0.263736	0.248736	0.248485	0.247678	0.257085	0.249231	0.263903	0.267932	0.259596	0.261616	0.269889	0.254822	0.265182	0.262892	0.272727	0.275100	0.251844	0.247454	0.286290	0.271560	0.262258	0.255601	0.241725	0.269663	0.254803	0.261714	0.267407	0.260684	0.249491	0.258551	0.245685	0.252781	0.254254	0.252270	0.262677	0.269737	0.256995	0.236419	0.260870	0.255429	0.252294	0.263263	0.257545	0.272449	0.247992	0.266800	0.249675	0.271516	0.259296	0.228195	0.246216	0.269347	0.262766	0.256358	0.275304	0.259073	0.266321	0.246740	0.280081	0.258325	0.250000	0.244980	0.262564	0.252588	0.242485	0.255319	0.265531	0.256513	0.248741	0.266800	0.264322	0.257028	0.244444	0.260782	0.263473	0.258457	0.257919	0.262613	0.255484	0.243304	0.273279	0.260688	0.256256	0.271341	0.250768	0.269153	
0.239107	0.256538	0.255193	0.255217	0.245788	0.237339	0.232213	0.225074	0.241824	0.264706	0.000000	0.240664	0.263603	0.242518	0.254822	0.250749	0.249255	0.258893	0.231527	0.243590	0.236506	0.263627	0.245791	0.243392	0.243001	0.232227	0.220041	0.240161	0.246535	0.258193	0.258449	0.263010	0.255061	0.238845	0.248932	0.234932	0.238142	0.234653	0.232000	0.226277	0.243706	0.220633	0.248996	0.259921	0.255699	0.231076	0.259843	0.263736	0.257778	0.222332	0.235877	0.226547	0.233038	0.219802	0.258550	0.236920	0.214427	0.234421	0.227898	0.233105	0.264640	0.278098	0.238806	0.256637	0.245597	0.237255	0.238143	0.247743	0.234544	0.260654	0.223214	0.231072	0.248016	0.265734	0.235644	0.243806	0.251976	0.249738	0.245821	0.238424	0.248255	0.245527	0.250265	0.233503	0.235233	0.227183	0.232742	0.219342	0.235119	0.234592	0.235586	0.240833	0.250984	0.243461	0.259222	0.243105	0.233936	0.236166	0.244692	0.244444	0.236043	0.243350	0.246862	0.222703	0.255976	0.245503	0.245503	0.225352	0.239479	0.244421	0.244290	0.229312	0.235354	0.240157	0.250752	0.236056	0.257829	0.247047	0.247036	0.260099	0.251241	0.220792	0.251741	0.246216	0.230088	0.246646	0.225966	0.256663	0.258303	0.235698	0.250249	0.224087	0.227772	0.249261	0.240492	0.238095	0.237645	0.236710	0.244576	0.243028	0.251246	0.236739	0.268051	0.234064	0.262821	0.250509	0.256385	0.239087	0.235887	0.221847	0.251969	0.247770	0.243731	0.234483	0.242633	0.232283	0.242515	0.241617	0.230922	0.246792	0.259113	0.241561	0.231231	0.237859	0.254980	0.244127	0.242157	0.245040	0.238938	0.224852	0.241584	0.253074	0.242116	0.241617	0.275028	0.253202	0.235933	0.220020	0.224087	0.242126	0.237205	0.225296	0.242633	0.246715	0.251656	0.230428	0.255319	0.251979	0.238854	0.226096	0.248447	0.254171	0.245771	0.245720	0.240759	
0.243028	0.262640	0.249367	0.275142	0.246173	0.257614	0.259873	0.257942	0.256705	0.260807	0.240664	0.000000	0.268116	0.238402	0.266578	0.268387	0.259873	0.266414	0.241423	0.257288	0.261635	0.257982	0.250348	0.236620	0.272358	0.276522	0.253672	0.235294	0.250000	0.256739	0.247776	0.270898	0.267949	0.230274	0.232895	0.215805	0.249367	0.255400	0.244845	0.247326	0.239018	0.238903	0.274611	0.257653	0.259212	0.244872	0.260483	0.270751	0.272212	0.256345	0.287154	0.230769	0.258512	0.239796	0.227886	0.241423	0.250636	0.248731	0.253485	0.274336	0.244696	0.251852	0.252241	0.257576	0.277987	0.243687	0.247409	0.258732	0.234848	0.267176	0.258270	0.241772	0.259873	0.276705	0.255076	0.262211	0.261421	0.282225	0.254408	0.250316	0.265645	0.233418	0.250685	0.266667	0.235294	0.229695	0.250951	0.246154	0.241423	0.255456	0.259923	0.240102	0.266414	0.252888	0.244246	0.259452	0.246736	0.241772	0.250646	0.266753	0.252207	0.258555	0.248656	0.256198	0.264442	0.244536	0.242177	0.254545	0.266234	0.248304	0.239544	0.240360	0.262613	0.255696	0.275418	0.243934	0.267023	0.249683	0.266751	0.278981	0.273077	0.251596	0.258929	0.273203	0.240202	0.265522	0.257069	0.269861	0.244240	0.247024	0.235521	0.264223	0.245478	0.265228	0.230659	0.258312	0.226238	0.228792	0.253807	0.252859	0.248092	0.254109	0.258883	0.245211	0.267677	0.245407	0.274336	0.260152	0.259791	0.237069	0.267677	0.243278	0.265359	0.247776	0.249047	0.252101	0.288288	0.260759	0.255400	0.250633	0.240811	0.251989	0.252564	0.254753	0.251908	0.272966	0.232030	0.238520	0.260101	0.243964	0.256671	0.274172	0.247368	0.237310	0.266197	0.259446	0.250633	0.265903	0.252845	0.247788	0.255990	0.234474	0.262958	0.250460	0.231111	0.243043	0.265110	0.248418	0.237288	0.246488	0.273810	0.252207	0.251289	0.222510	0.263764	
0.263459	0.250965	0.272824	0.270000	0.244703	0.266667	0.258201	0.244161	0.254237	0.249080	0.263603	0.268116	0.000000	0.236186	0.267974	0.260171	0.255567	0.268421	0.253432	0.265823	0.267368	0.260870	0.242788	0.245552	0.265970	0.268456	0.263274	0.251892	0.263549	0.262766	0.263435	0.266766	0.263948	0.255435	0.274049	0.254476	0.254507	0.270327	0.245182	0.261693	0.233655	0.254107	0.243301	0.253205	0.242038	0.253446	0.273495	0.263773	0.278922	0.236536	0.262766	0.261242	0.258985	0.251059	0.237216	0.235789	0.268987	0.275899	0.259494	0.241053	0.266428	0.301685	0.259338	0.256572	0.242392	0.264550	0.262189	0.244111	0.264706	0.248677	0.259809	0.253684	0.248941	0.283422	0.251326	0.250804	0.275899	0.261312	0.263713	0.262487	0.250266	0.245243	0.234624	0.246204	0.269188	0.252654	0.261930	0.249201	0.257688	0.269519	0.264171	0.246546	0.267232	0.252438	0.258786	0.268398	0.256216	0.270613	0.255203	0.256466	0.264151	0.254202	0.263687	0.248555	0.271368	0.237931	0.254791	0.242750	0.274106	0.266819	0.255544	0.246531	0.251343	0.247357	0.268608	0.265957	0.272116	0.248144	0.272246	0.263713	0.281150	0.246809	0.267380	0.268449	0.246316	0.265060	0.231016	0.264051	0.262745	0.261934	0.250000	0.251579	0.243041	0.268008	0.264741	0.255048	0.234375	0.251599	0.256085	0.264331	0.277070	0.269474	0.257143	0.243902	0.287829	0.240000	0.249211	0.252386	0.263043	0.265625	0.273207	0.259574	0.245690	0.239199	0.271383	0.252089	0.266310	0.262105	0.249469	0.255048	0.253700	0.253333	0.255889	0.276008	0.275132	0.274317	0.253151	0.259574	0.244444	0.237540	0.248144	0.260394	0.259259	0.249471	0.251476	0.236842	0.252376	0.258475	0.267159	0.247890	0.245798	0.251059	0.254717	0.261275	0.265753	0.242857	0.273572	0.260108	0.257110	0.245203	0.262168	0.241597	0.269723	0.245161	0.236422	
0.236940	0.255466	0.239130	0.247649	0.223794	0.242678	0.238532	0.239800	0.232247	0.248694	0.242518	0.238402	0.236186	0.000000	0.246776	0.235593	0.240401	0.235489	0.228405	0.236515	0.239238	0.240803	0.243056	0.230244	0.239533	0.249622	0.257496	0.230835	0.229097	0.231029	0.240000	0.241611	0.250213	0.245509	0.233983	0.222097	0.228143	0.242070	0.225970	0.235765	0.232143	0.238676	0.236147	0.234454	0.228976	0.226589	0.223058	0.230226	0.257975	0.216306	0.237815	0.220353	0.237977	0.221482	0.234925	0.222776	0.221018	0.233528	0.225083	0.232616	0.247525	0.243742	0.239295	0.240297	0.240496	0.231535	0.233733	0.253794	0.212397	0.243536	0.252517	0.216887	0.233668	0.257143	0.231728	0.247267	0.239401	0.250681	0.242952	0.228333	0.221849	0.213211	0.227149	0.220588	0.241593	0.229866	0.236864	0.223440	0.246231	0.236181	0.227349	0.225482	0.250831	0.237447	0.235690	0.244406	0.230704	0.237386	0.248252	0.251067	0.226711	0.249585	0.250674	0.218839	0.243289	0.215722	0.231397	0.221368	0.239280	0.256410	0.222037	0.223342	0.237564	0.238095	0.233051	0.229289	0.245815	0.231993	0.243536	0.248959	0.238095	0.236864	0.246012	0.250426	0.228666	0.234416	0.240772	0.243333	0.222037	0.246063	0.244915	0.239601	0.232264	0.246244	0.232581	0.237615	0.223327	0.226431	0.226290	0.236931	0.234558	0.229305	0.233583	0.229673	0.272171	0.235955	0.242097	0.238255	0.236910	0.224070	0.250206	0.221572	0.235142	0.232558	0.240033	0.230950	0.247483	0.231281	0.215719	0.243131	0.235685	0.235714	0.230640	0.241667	0.235441	0.237805	0.214404	0.238894	0.223794	0.222315	0.221761	0.234835	0.239547	0.214286	0.243553	0.231596	0.223422	0.225000	0.228666	0.242751	0.240265	0.219817	0.237386	0.239221	0.251807	0.222539	0.249420	0.234867	0.235795	0.227997	0.231909	0.250000	0.247276	0.222693	0.224370	
0.246097	0.253209	0.277325	0.262090	0.243156	0.260764	0.252216	0.250404	0.250809	0.268318	0.254822	0.266578	0.267974	0.246776	0.000000	0.254694	0.262732	0.247182	0.251410	0.246166	0.261427	0.275750	0.243350	0.240229	0.237911	0.262519	0.241497	0.251029	0.272285	0.251223	0.265372	0.260054	0.239967	0.254079	0.250464	0.235818	0.245146	0.248989	0.260196	0.238832	0.237860	0.246819	0.257426	0.258537	0.251009	0.242498	0.265966	0.250674	0.269737	0.240711	0.260196	0.242276	0.257831	0.243112	0.251889	0.254648	0.243528	0.246973	0.243352	0.262440	0.254420	0.260979	0.249186	0.254210	0.244391	0.240161	0.246269	0.247145	0.245797	0.260307	0.244534	0.251204	0.244139	0.258958	0.258039	0.267974	0.259677	0.273519	0.256039	0.255682	0.264059	0.241296	0.255449	0.251678	0.267750	0.248980	0.241519	0.229014	0.254472	0.239676	0.251012	0.256888	0.243134	0.249175	0.255127	0.268434	0.240756	0.248792	0.255301	0.255776	0.241186	0.252818	0.257812	0.250000	0.260408	0.253758	0.255468	0.232231	0.262852	0.245989	0.250812	0.246954	0.238806	0.246954	0.251029	0.253041	0.239186	0.269262	0.252019	0.266129	0.251822	0.256472	0.253865	0.267384	0.258039	0.245957	0.257933	0.252223	0.277603	0.256314	0.247541	0.248788	0.240984	0.251618	0.274621	0.244733	0.239054	0.240196	0.249395	0.256956	0.242105	0.258607	0.257882	0.257490	0.274659	0.236181	0.253623	0.244715	0.247706	0.248808	0.267255	0.237480	0.255408	0.251410	0.265700	0.227578	0.254501	0.260729	0.250405	0.258690	0.274699	0.252824	0.250814	0.259109	0.271987	0.238455	0.242961	0.246944	0.232071	0.233065	0.240291	0.259414	0.254637	0.229469	0.258124	0.261637	0.257649	0.241463	0.248792	0.252615	0.259677	0.236672	0.249799	0.252401	0.254258	0.242091	0.273364	0.228029	0.240793	0.259109	0.262891	0.249196	0.264825	0.244262	0.253452	
0.236627	0.241972	0.238974	0.267692	0.238057	0.260870	0.253195	0.244409	0.253205	0.268839	0.250749	0.268387	0.260171	0.235593	0.254694	0.000000	0.236611	0.241653	0.218153	0.243825	0.262698	0.251804	0.262391	0.245994	0.242395	0.263554	0.234204	0.238018	0.249199	0.243352	0.240829	0.258278	0.236364	0.227273	0.245646	0.233553	0.239808	0.251401	0.244373	0.243861	0.234337	0.247699	0.256347	0.242812	0.236842	0.224800	0.249800	0.266487	0.254642	0.225420	0.238325	0.240935	0.239079	0.247002	0.249686	0.250799	0.233173	0.247809	0.253386	0.246239	0.262089	0.263158	0.241352	0.241872	0.241680	0.238663	0.245499	0.221683	0.246044	0.260592	0.253815	0.223632	0.262229	0.248392	0.241050	0.250202	0.253981	0.260381	0.258141	0.249199	0.244587	0.258400	0.273512	0.244830	0.247466	0.246973	0.228252	0.229654	0.232800	0.255981	0.238974	0.244195	0.269904	0.246944	0.261327	0.266667	0.243704	0.243631	0.252108	0.253670	0.238924	0.251787	0.242033	0.248162	0.241352	0.262051	0.239827	0.229388	0.248157	0.254642	0.240800	0.233974	0.240527	0.245586	0.249186	0.242983	0.259072	0.249399	0.260558	0.256574	0.237600	0.250000	0.255439	0.257588	0.256349	0.255034	0.256039	0.255591	0.280702	0.265116	0.243134	0.241434	0.246764	0.260000	0.266604	0.248199	0.234987	0.246586	0.258758	0.236715	0.246795	0.255740	0.261563	0.247802	0.262840	0.243377	0.245028	0.244177	0.238880	0.238679	0.239079	0.240000	0.235391	0.245823	0.252381	0.232739	0.269790	0.247802	0.240608	0.246400	0.238284	0.240376	0.244964	0.253600	0.251804	0.259383	0.235481	0.238172	0.240637	0.235857	0.239200	0.259106	0.239401	0.241653	0.258748	0.236884	0.258347	0.253205	0.231873	0.251987	0.236884	0.236422	0.239683	0.248295	0.256318	0.243537	0.271264	0.232586	0.236989	0.239775	0.231350	0.248610	0.249599	0.250203	0.225341	
0.249551	0.266968	0.252181	0.291411	0.239592	0.259084	0.240784	0.246069	0.228594	0.271903	0.249255	0.259873	0.255567	0.240401	0.262732	0.236611	0.000000	0.251366	0.242779	0.235709	0.242212	0.241923	0.241611	0.227484	0.226717	0.258209	0.251452	0.232986	0.236821	0.243050	0.224138	0.256917	0.237785	0.235566	0.225023	0.253275	0.246661	0.257659	0.216733	0.250209	0.233173	0.232922	0.255012	0.233017	0.235524	0.242925	0.253931	0.237265	0.253264	0.221176	0.246835	0.241680	0.239657	0.230102	0.253713	0.228235	0.230890	0.230829	0.247068	0.247270	0.249522	0.239348	0.248614	0.242590	0.254673	0.246286	0.233871	0.237868	0.245136	0.244514	0.250000	0.243159	0.257480	0.248811	0.246672	0.238889	0.258621	0.248069	0.244150	0.231073	0.249604	0.255906	0.245944	0.227755	0.250627	0.235946	0.238431	0.228935	0.259699	0.241732	0.242496	0.230830	0.251567	0.236334	0.257166	0.265207	0.243805	0.243349	0.254545	0.247795	0.249027	0.242401	0.256367	0.260672	0.260458	0.230703	0.250642	0.218650	0.246564	0.256545	0.228774	0.241897	0.235057	0.238395	0.266613	0.250789	0.242324	0.260630	0.251177	0.266823	0.241515	0.242543	0.245447	0.248193	0.237315	0.247517	0.249802	0.235294	0.266983	0.254378	0.251597	0.234742	0.244427	0.247642	0.263060	0.235201	0.233134	0.237302	0.234510	0.253376	0.229495	0.231308	0.244305	0.240536	0.252600	0.236735	0.264890	0.241680	0.235818	0.229264	0.245518	0.231861	0.256680	0.238468	0.250784	0.220112	0.249604	0.243137	0.239370	0.243519	0.247068	0.249153	0.247823	0.248623	0.251776	0.253498	0.230829	0.238133	0.243730	0.224922	0.237834	0.262255	0.231657	0.238281	0.255687	0.245504	0.235753	0.241135	0.243349	0.223263	0.226740	0.232522	0.247270	0.250338	0.242604	0.233154	0.247166	0.252656	0.247715	0.238170	0.252467	0.258970	0.249211	0.246608	0.244866	
0.242181	0.256726	0.256309	0.254932	0.256831	0.253145	0.241998	0.238468	0.254503	0.263791	0.258893	0.266414	0.268421	0.235489	0.247182	0.241653	0.251366	0.000000	0.231128	0.227592	0.259087	0.254702	0.239006	0.237037	0.262172	0.234074	0.252066	0.248006	0.251567	0.248418	0.238504	0.280105	0.247981	0.243986	0.249104	0.227174	0.236165	0.245710	0.256735	0.243983	0.246423	0.249387	0.265762	0.261587	0.244739	0.245696	0.264637	0.254328	0.285899	0.227344	0.256107	0.242902	0.258540	0.254304	0.257669	0.241030	0.234558	0.250584	0.246693	0.247479	0.264008	0.263614	0.238020	0.258714	0.241486	0.236985	0.253612	0.245253	0.243431	0.251563	0.244094	0.236618	0.233725	0.252366	0.255651	0.263823	0.267913	0.245524	0.268634	0.227095	0.256491	0.246286	0.244482	0.237825	0.251244	0.236821	0.233645	0.234412	0.243711	0.259027	0.241352	0.250980	0.254871	0.240415	0.258525	0.264303	0.259730	0.244358	0.253707	0.248408	0.232378	0.248254	0.249789	0.247525	0.256491	0.253230	0.243404	0.241793	0.260032	0.254561	0.262128	0.240188	0.240577	0.263900	0.250996	0.251770	0.242775	0.254702	0.256231	0.263445	0.260188	0.248632	0.263199	0.265974	0.244946	0.260691	0.242734	0.252344	0.242991	0.259871	0.244038	0.239502	0.255538	0.253521	0.251386	0.249018	0.225615	0.239937	0.255850	0.256309	0.249216	0.250968	0.253906	0.252344	0.267062	0.234578	0.262666	0.246263	0.249597	0.234694	0.249224	0.253333	0.247588	0.241647	0.235981	0.240884	0.258294	0.247270	0.244514	0.250000	0.264180	0.259696	0.250987	0.247261	0.265098	0.226307	0.251944	0.253344	0.236165	0.250390	0.240250	0.252640	0.246519	0.236801	0.265823	0.239130	0.252713	0.250980	0.238911	0.259116	0.253696	0.235753	0.227308	0.231081	0.259086	0.246631	0.257919	0.254673	0.248861	0.248038	0.248773	0.256192	0.263158	0.231320	0.259638	
0.234138	0.264938	0.231255	0.279211	0.241810	0.243902	0.236534	0.231612	0.233542	0.261785	0.231527	0.241423	0.253432	0.228405	0.251410	0.218153	0.242779	0.231128	0.000000	0.234789	0.230590	0.238058	0.239504	0.229417	0.230337	0.252600	0.238646	0.237640	0.234326	0.234597	0.241218	0.275591	0.235437	0.233677	0.233662	0.211268	0.241595	0.245889	0.238924	0.243131	0.229848	0.239344	0.231015	0.240000	0.237129	0.221440	0.251759	0.277704	0.257812	0.232394	0.222659	0.250395	0.229992	0.233725	0.246002	0.231250	0.226312	0.239063	0.228794	0.253106	0.262108	0.265839	0.249015	0.256211	0.247870	0.235981	0.233735	0.236364	0.242260	0.256831	0.239559	0.221012	0.237235	0.234227	0.232268	0.229858	0.246106	0.263652	0.248834	0.243922	0.250000	0.242163	0.245748	0.224573	0.260399	0.242711	0.238690	0.225296	0.248031	0.227630	0.240566	0.237983	0.246682	0.234213	0.233704	0.266129	0.232057	0.245518	0.254530	0.250799	0.232739	0.246309	0.230380	0.233603	0.242520	0.228645	0.219201	0.225600	0.254224	0.244792	0.238431	0.211811	0.234488	0.235893	0.240829	0.234646	0.245875	0.235479	0.245504	0.248244	0.240973	0.241595	0.235619	0.241793	0.236392	0.240725	0.243902	0.248632	0.249221	0.233886	0.228685	0.224044	0.239683	0.254304	0.251852	0.244305	0.246809	0.226877	0.242779	0.244269	0.237235	0.234884	0.244914	0.238020	0.257058	0.222945	0.246490	0.233438	0.231018	0.226345	0.250389	0.246661	0.240323	0.239689	0.231308	0.241455	0.243671	0.224394	0.222396	0.245504	0.237354	0.251477	0.241107	0.235110	0.255704	0.231020	0.247077	0.225552	0.236165	0.227344	0.235753	0.244715	0.246519	0.214786	0.247283	0.217560	0.238911	0.232157	0.239470	0.237354	0.232866	0.236122	0.236025	0.251007	0.239718	0.234899	0.253950	0.223131	0.250684	0.240377	0.243221	0.253106	0.241758	0.229117	0.222047	
0.227882	0.262683	0.244269	0.261468	0.230047	0.243711	0.252937	0.228661	0.229984	0.246479	0.243590	0.257288	0.265823	0.236515	0.246166	0.243825	0.235709	0.227592	0.234789	0.000000	0.248640	0.245090	0.229665	0.224907	0.235183	0.237313	0.251236	0.230769	0.239780	0.234127	0.230227	0.265789	0.239254	0.232987	0.238994	0.239437	0.230227	0.233725	0.227778	0.233333	0.235623	0.234426	0.244996	0.247439	0.235156	0.237647	0.243540	0.243351	0.276843	0.216301	0.230040	0.240726	0.234241	0.243711	0.248455	0.244514	0.219092	0.239249	0.228549	0.236392	0.246432	0.234707	0.258268	0.234059	0.244565	0.229751	0.232689	0.223632	0.236618	0.250391	0.236177	0.219797	0.231132	0.239905	0.243941	0.245837	0.241595	0.237564	0.261107	0.238020	0.236177	0.245490	0.221465	0.233713	0.233723	0.244076	0.221267	0.218700	0.247830	0.238806	0.235433	0.238358	0.248044	0.233787	0.240667	0.255457	0.244427	0.222309	0.233691	0.237600	0.237762	0.237539	0.233108	0.233908	0.242305	0.234632	0.232479	0.214400	0.248792	0.252174	0.231736	0.231438	0.229284	0.233491	0.241434	0.239559	0.251032	0.218553	0.243540	0.248632	0.233071	0.243137	0.248619	0.245177	0.237129	0.233306	0.234412	0.249021	0.268446	0.247706	0.234263	0.230649	0.238889	0.231975	0.250696	0.229560	0.235544	0.229068	0.227700	0.240697	0.235849	0.245532	0.248238	0.244497	0.262611	0.236629	0.240437	0.252565	0.231018	0.225209	0.236392	0.241948	0.249798	0.246885	0.244340	0.225556	0.263033	0.238058	0.231918	0.236863	0.240062	0.227119	0.231196	0.236078	0.240157	0.238916	0.225605	0.235573	0.233594	0.228482	0.224745	0.244101	0.234375	0.222915	0.237794	0.243201	0.240842	0.233124	0.240250	0.249221	0.236349	0.222571	0.245532	0.242915	0.232586	0.247297	0.234960	0.262662	0.230347	0.241732	0.236214	0.256809	0.248819	0.233704	0.232833	
0.246441	0.265695	0.255704	0.290030	0.253894	0.247843	0.246298	0.240654	0.249219	0.265531	0.236506	0.261635	0.267368	0.239238	0.261427	0.262698	0.242212	0.259087	0.230590	0.248640	0.000000	0.254887	0.238140	0.249538	0.222638	0.238938	0.245066	0.250597	0.244722	0.249015	0.239502	0.275457	0.247581	0.248000	0.232828	0.238353	0.244946	0.247077	0.237154	0.250831	0.250199	0.242449	0.255759	0.246082	0.255237	0.226562	0.257187	0.277556	0.267097	0.244565	0.244898	0.250000	0.232198	0.234973	0.247863	0.228193	0.240437	0.241245	0.246118	0.251353	0.250237	0.263288	0.254317	0.261978	0.253858	0.231603	0.231200	0.253155	0.243827	0.238911	0.248038	0.237209	0.251563	0.267928	0.251748	0.250786	0.257764	0.262351	0.251938	0.246682	0.254517	0.254489	0.265030	0.232577	0.240066	0.241352	0.246309	0.239370	0.268235	0.240219	0.240219	0.252549	0.245532	0.264331	0.245059	0.261464	0.246032	0.240497	0.252260	0.259936	0.254054	0.248644	0.259259	0.249550	0.259230	0.230241	0.236842	0.225240	0.262610	0.259707	0.234558	0.232522	0.245797	0.232995	0.242063	0.246275	0.246914	0.243941	0.244755	0.250971	0.258418	0.241621	0.243519	0.248601	0.255814	0.258409	0.240000	0.264224	0.282813	0.240588	0.257143	0.242424	0.238358	0.255850	0.277008	0.244914	0.233503	0.231678	0.239689	0.261417	0.253323	0.241113	0.247471	0.252147	0.269514	0.261116	0.250389	0.250000	0.240354	0.246765	0.254841	0.257433	0.232129	0.240310	0.243600	0.249448	0.260047	0.251558	0.235156	0.261682	0.255039	0.255051	0.237008	0.233048	0.253918	0.249389	0.231963	0.238208	0.243201	0.238911	0.237724	0.256078	0.243464	0.236434	0.268227	0.255039	0.233927	0.245889	0.235842	0.240899	0.236434	0.248056	0.247678	0.256720	0.247073	0.255689	0.261798	0.253194	0.257039	0.252937	0.254501	0.251548	0.258824	0.244849	0.243730	
0.245283	0.268707	0.277424	0.292049	0.264729	0.258525	0.272013	0.244672	0.255722	0.278507	0.263627	0.257982	0.260870	0.240803	0.275750	0.251804	0.241923	0.254702	0.238058	0.245090	0.254887	0.000000	0.243996	0.240037	0.253069	0.251863	0.253322	0.253419	0.261453	0.259554	0.258065	0.266843	0.247356	0.247982	0.236676	0.237214	0.250987	0.261830	0.241820	0.251678	0.264257	0.240725	0.266720	0.262451	0.249606	0.268775	0.273444	0.267114	0.302872	0.247244	0.246825	0.261526	0.261923	0.263615	0.271499	0.257278	0.248815	0.255503	0.244305	0.275430	0.279003	0.256250	0.241680	0.249414	0.263856	0.247253	0.261712	0.256757	0.244340	0.265354	0.258730	0.236307	0.253566	0.265339	0.261587	0.268894	0.264729	0.267873	0.279216	0.250000	0.268467	0.265773	0.255993	0.254085	0.244556	0.256165	0.250983	0.238057	0.268041	0.256917	0.252373	0.254964	0.251177	0.276613	0.258814	0.271916	0.248796	0.246661	0.258921	0.278583	0.258796	0.265674	0.258284	0.252957	0.262907	0.258905	0.251712	0.245161	0.258690	0.269634	0.253755	0.261526	0.248181	0.264822	0.261637	0.262113	0.258735	0.257911	0.273013	0.252756	0.252373	0.237382	0.250397	0.265751	0.265882	0.261411	0.246825	0.260047	0.256329	0.259704	0.262821	0.262579	0.250000	0.259638	0.278658	0.244462	0.257265	0.253981	0.249018	0.277645	0.268987	0.260937	0.260220	0.258294	0.277198	0.251227	0.261792	0.261734	0.265041	0.243925	0.258621	0.257324	0.258327	0.241758	0.247447	0.235880	0.273885	0.245863	0.232595	0.258090	0.265098	0.257653	0.229665	0.261247	0.259494	0.255144	0.246275	0.244639	0.266300	0.244882	0.243307	0.276822	0.260941	0.230408	0.259799	0.257837	0.265882	0.253755	0.256088	0.264314	0.247843	0.257098	0.266249	0.266576	0.259172	0.249322	0.254545	0.269321	0.269549	0.259494	0.265728	0.279343	0.248418	0.251401	0.246239	
