0.000000	0.237629	0.245180	0.247532	0.240300	0.233253	0.240748	0.242402	0.236022	0.239065	0.250148	0.235644	0.248567	0.238488	0.251119	0.249814	0.241895	0.256486	0.251051	0.249011	0.250683	0.239951	0.241745	0.245740	0.238710	0.236665	0.246414	0.238036	0.236686	0.242552	0.244887	0.236589	0.242385	0.241276	0.251423	0.240681	0.236909	0.235772	0.246903	0.238413	0.242348	0.238498	0.243631	0.235819	0.241663	0.241884	0.244954	0.247889	0.244061	0.239416	0.246069	0.237707	0.244538	0.238721	0.248610	0.228340	0.241158	
0.237629	0.000000	0.239897	0.235490	0.219659	0.231086	0.240627	0.236562	0.245293	0.232157	0.236994	0.226477	0.240300	0.230910	0.241157	0.242706	0.231268	0.244467	0.235886	0.239063	0.243928	0.241911	0.230157	0.236835	0.231107	0.230477	0.230333	0.245756	0.229067	0.236298	0.243274	0.245725	0.231659	0.233696	0.236340	0.229525	0.244670	0.231774	0.238312	0.236457	0.232813	0.233195	0.235127	0.246071	0.241245	0.228424	0.239751	0.239462	0.235095	0.233900	0.241764	0.233917	0.237788	0.228925	0.235630	0.233515	0.236673	
0.245180	0.239897	0.000000	0.241311	0.235907	0.242046	0.243274	0.244151	0.244494	0.236578	0.247929	0.238847	0.251279	0.237941	0.248882	0.253042	0.231095	0.254752	0.244994	0.245180	0.253036	0.244209	0.240887	0.252159	0.248946	0.231711	0.240051	0.239489	0.248456	0.233383	0.245770	0.246461	0.240451	0.253234	0.250371	0.246981	0.248661	0.242805	0.246907	0.241221	0.244489	0.243418	0.240356	0.245610	0.231726	0.246161	0.243526	0.238591	0.246131	0.251978	0.246988	0.240069	0.247211	0.245605	0.248858	0.233353	0.247777	
0.247532	0.235490	0.241311	0.000000	0.233268	0.245275	0.240223	0.240557	0.240553	0.238215	0.239374	0.253555	0.246839	0.234398	0.248698	0.244857	0.241551	0.258821	0.243704	0.232725	0.234232	0.243788	0.240964	0.241439	0.238921	0.238095	0.239975	0.242879	0.235231	0.242019	0.242489	0.245274	0.238548	0.246395	0.238460	0.241447	0.242281	0.240721	0.239154	0.250938	0.238250	0.240030	0.248209	0.244439	0.235104	0.236224	0.245339	0.242387	0.254741	0.236485	0.246468	0.238177	0.240158	0.242027	0.245517	0.231704	0.238401	
0.240300	0.219659	0.235907	0.233268	0.000000	0.222676	0.237765	0.230062	0.242335	0.234288	0.231911	0.226121	0.235588	0.222406	0.231047	0.230216	0.235256	0.241683	0.245111	0.232528	0.232353	0.228190	0.228173	0.233550	0.230945	0.220173	0.230892	0.226658	0.223001	0.233115	0.240559	0.235566	0.227799	0.233246	0.238002	0.235505	0.231308	0.226093	0.233943	0.237907	0.230263	0.230065	0.242997	0.227629	0.234175	0.228805	0.235662	0.222913	0.242693	0.238080	0.248714	0.237476	0.233366	0.220516	0.234375	0.234690	0.222476	
0.233253	0.231086	0.242046	0.245275	0.222676	0.000000	0.224663	0.233455	0.241421	0.239431	0.238520	0.234822	0.240547	0.240244	0.237480	0.236555	0.235982	0.242949	0.242522	0.240614	0.243025	0.231295	0.237942	0.226779	0.237576	0.228045	0.230404	0.226716	0.236797	0.228028	0.232686	0.228385	0.223306	0.244923	0.234008	0.232409	0.240758	0.224362	0.242147	0.246886	0.234768	0.229866	0.245657	0.246470	0.230583	0.233347	0.230551	0.237728	0.233577	0.245161	0.235741	0.238710	0.234818	0.242718	0.240876	0.231954	0.239403	
0.240748	0.240627	0.243274	0.240223	0.237765	0.224663	0.000000	0.243243	0.239431	0.236981	0.242311	0.222940	0.231533	0.247821	0.241766	0.247841	0.238789	0.246918	0.259259	0.246355	0.245686	0.231830	0.241623	0.241431	0.235096	0.234748	0.231897	0.238795	0.238209	0.234322	0.239296	0.233006	0.223449	0.242185	0.240630	0.240955	0.236981	0.234059	0.240808	0.239344	0.243202	0.247376	0.237739	0.236615	0.232619	0.241857	0.238828	0.244269	0.240559	0.236793	0.253318	0.241688	0.239759	0.229010	0.250874	0.227806	0.247847	
0.242402	0.236562	0.244151	0.240557	0.230062	0.233455	0.243243	0.000000	0.252742	0.231411	0.236223	0.225447	0.240315	0.227593	0.239299	0.247309	0.235250	0.246204	0.245081	0.245269	0.247253	0.237149	0.231093	0.240865	0.227330	0.223692	0.229440	0.236822	0.231434	0.243817	0.244252	0.238544	0.244222	0.245108	0.244145	0.238012	0.226062	0.239578	0.240874	0.235936	0.238071	0.233675	0.233184	0.235602	0.239158	0.229213	0.235206	0.234500	0.245283	0.234048	0.245979	0.236829	0.250187	0.226547	0.234985	0.229112	0.233010	
0.236022	0.245293	0.244494	0.240553	0.242335	0.241421	0.239431	0.252742	0.000000	0.236419	0.241706	0.234102	0.246451	0.231888	0.255224	0.250684	0.237466	0.256867	0.248515	0.245171	0.249069	0.238330	0.237660	0.240297	0.232471	0.237569	0.245361	0.246551	0.237480	0.236698	0.249058	0.233165	0.235217	0.234223	0.248204	0.245180	0.239570	0.232765	0.246760	0.241408	0.239528	0.246453	0.239287	0.244731	0.242334	0.243552	0.237846	0.235894	0.239609	0.239653	0.254984	0.246104	0.246024	0.239891	0.241334	0.233740	0.238861	
0.239065	0.232157	0.236578	0.238215	0.234288	0.239431	0.236981	0.231411	0.236419	0.000000	0.239808	0.226837	0.233750	0.230241	0.240222	0.237386	0.225847	0.247425	0.236313	0.240452	0.242065	0.234778	0.228364	0.240090	0.231467	0.229885	0.227566	0.237974	0.233944	0.233426	0.248632	0.229188	0.225241	0.237661	0.227250	0.237033	0.230597	0.232200	0.231844	0.251375	0.238411	0.228225	0.232412	0.228758	0.236915	0.235146	0.238228	0.242317	0.240172	0.228004	0.236751	0.239779	0.235576	0.231060	0.240820	0.227967	0.230480	
0.250148	0.236994	0.247929	0.239374	0.231911	0.238520	0.242311	0.236223	0.241706	0.239808	0.000000	0.239892	0.237276	0.232196	0.242424	0.249256	0.240262	0.251407	0.247034	0.244904	0.245473	0.238700	0.233383	0.249557	0.234106	0.248126	0.231426	0.243114	0.235519	0.237897	0.241951	0.236124	0.245080	0.246048	0.249555	0.233067	0.240700	0.239726	0.242628	0.231421	0.236402	0.246583	0.243187	0.253191	0.238988	0.241543	0.235855	0.237897	0.245666	0.236811	0.250234	0.246895	0.236975	0.249184	0.235381	0.234438	0.245931	
0.235644	0.226477	0.238847	0.253555	0.226121	0.234822	0.222940	0.225447	0.234102	0.226837	0.239892	0.000000	0.238202	0.220888	0.244736	0.240255	0.226550	0.236133	0.238605	0.241188	0.234666	0.233531	0.235201	0.234690	0.232235	0.230565	0.229477	0.241366	0.220916	0.236371	0.229114	0.230955	0.231196	0.228685	0.241393	0.238264	0.243115	0.231707	0.246193	0.239491	0.243319	0.238776	0.229158	0.237416	0.232355	0.231074	0.239683	0.225883	0.237868	0.234387	0.238443	0.231317	0.246325	0.243361	0.231905	0.231996	0.242568	
0.248567	0.240300	0.251279	0.246839	0.235588	0.240547	0.231533	0.240315	0.246451	0.233750	0.237276	0.238202	0.000000	0.236866	0.239005	0.240218	0.240146	0.254819	0.251057	0.243888	0.254012	0.251355	0.235648	0.246158	0.233071	0.247304	0.224182	0.236585	0.247921	0.240012	0.244011	0.239385	0.230279	0.248408	0.243969	0.257220	0.226945	0.231980	0.231506	0.254730	0.247479	0.244235	0.248415	0.243137	0.234867	0.249396	0.240774	0.220139	0.252961	0.245175	0.247882	0.236303	0.244707	0.236182	0.239015	0.237265	0.245021	
0.238488	0.230910	0.237941	0.234398	0.222406	0.240244	0.247821	0.227593	0.231888	0.230241	0.232196	0.220888	0.236866	0.000000	0.237987	0.239688	0.227101	0.240991	0.238989	0.234059	0.240583	0.232901	0.232285	0.230462	0.235427	0.217378	0.233184	0.236456	0.227347	0.230963	0.247493	0.231576	0.229112	0.234702	0.239549	0.237762	0.219126	0.233015	0.232545	0.234578	0.232564	0.238742	0.238989	0.240671	0.223201	0.226931	0.232746	0.232698	0.246267	0.237487	0.238739	0.233075	0.231426	0.230268	0.229215	0.228296	0.237619	
0.251119	0.241157	0.248882	0.248698	0.231047	0.237480	0.241766	0.239299	0.255224	0.240222	0.242424	0.244736	0.239005	0.237987	0.000000	0.241328	0.244929	0.249441	0.235206	0.249254	0.250810	0.242560	0.237246	0.244852	0.243513	0.242238	0.247112	0.235650	0.237760	0.239521	0.245135	0.243078	0.237784	0.244183	0.239801	0.243987	0.237793	0.241969	0.252832	0.247687	0.246917	0.244694	0.247076	0.244212	0.244183	0.241216	0.248435	0.240080	0.243087	0.244588	0.254416	0.244538	0.248565	0.244395	0.252704	0.235929	0.235821	
0.249814	0.242706	0.253042	0.244857	0.230216	0.236555	0.247841	0.247309	0.250684	0.237386	0.249256	0.240255	0.240218	0.239688	0.241328	0.000000	0.239310	0.256696	0.243720	0.242484	0.249314	0.243618	0.237859	0.245222	0.241956	0.238856	0.232424	0.241692	0.238250	0.249564	0.249526	0.240548	0.247826	0.240560	0.249814	0.237977	0.234306	0.245854	0.240741	0.250210	0.248238	0.239510	0.239195	0.247763	0.244183	0.241654	0.237916	0.247320	0.251694	0.244594	0.251780	0.244974	0.243270	0.237372	0.231879	0.231867	0.243351	
0.241895	0.231268	0.231095	0.241551	0.235256	0.235982	0.238789	0.235250	0.237466	0.225847	0.240262	0.226550	0.240146	0.227101	0.244929	0.239310	0.000000	0.249938	0.244511	0.241156	0.237309	0.234592	0.230311	0.232454	0.236191	0.231267	0.232753	0.236497	0.233044	0.235368	0.244306	0.243567	0.247602	0.239005	0.240778	0.232223	0.233407	0.231276	0.238359	0.234007	0.246845	0.229767	0.238024	0.240329	0.231001	0.228636	0.239327	0.238369	0.234139	0.232918	0.238774	0.233640	0.239430	0.232018	0.242543	0.235896	0.239163	
0.256486	0.244467	0.254752	0.258821	0.241683	0.242949	0.246918	0.246204	0.256867	0.247425	0.251407	0.236133	0.254819	0.240991	0.249441	0.256696	0.249938	0.000000	0.238319	0.247466	0.253594	0.247105	0.244888	0.242903	0.234185	0.230793	0.245132	0.249687	0.246237	0.245349	0.251880	0.250000	0.245119	0.250124	0.256245	0.246670	0.242596	0.236449	0.253161	0.254902	0.252004	0.242552	0.251482	0.252970	0.245710	0.243558	0.246763	0.245536	0.248002	0.241848	0.261917	0.239882	0.248450	0.240099	0.249673	0.247972	0.251359	
0.251051	0.235886	0.244994	0.243704	0.245111	0.242522	0.259259	0.245081	0.248515	0.236313	0.247034	0.238605	0.251057	0.238989	0.235206	0.243720	0.244511	0.238319	0.000000	0.252598	0.250434	0.246298	0.239586	0.250371	0.235031	0.239350	0.242028	0.242857	0.242799	0.240129	0.247914	0.240638	0.238903	0.246326	0.243384	0.239635	0.242817	0.233753	0.235343	0.248117	0.255079	0.248446	0.243564	0.247277	0.233010	0.240208	0.244705	0.244599	0.241000	0.240466	0.238332	0.238330	0.244726	0.231093	0.253189	0.243761	0.244494	
0.249011	0.239063	0.245180	0.232725	0.232528	0.240614	0.246355	0.245269	0.245171	0.240452	0.244904	0.241188	0.243888	0.234059	0.249254	0.242484	0.241156	0.247466	0.252598	0.000000	0.248139	0.248458	0.242910	0.237401	0.244852	0.231924	0.239706	0.244550	0.239171	0.236783	0.245156	0.237481	0.239357	0.246016	0.251733	0.240928	0.234217	0.232844	0.240990	0.250105	0.244300	0.243720	0.242327	0.248143	0.240169	0.240764	0.254174	0.245409	0.239620	0.238991	0.247377	0.232840	0.238899	0.244120	0.249510	0.238689	0.242769	
0.250683	0.243928	0.253036	0.234232	0.232353	0.243025	0.245686	0.247253	0.249069	0.242065	0.245473	0.234666	0.254012	0.240583	0.250810	0.249314	0.237309	0.253594	0.250434	0.248139	0.000000	0.249072	0.241840	0.245914	0.244898	0.236107	0.242725	0.247990	0.236835	0.238795	0.248987	0.246201	0.243467	0.243311	0.247269	0.249010	0.246992	0.232528	0.243034	0.242539	0.247614	0.243963	0.240874	0.246398	0.240010	0.239682	0.248312	0.245518	0.252571	0.244665	0.251445	0.236314	0.245828	0.241431	0.238703	0.240536	0.245597	
0.239951	0.241911	0.244209	0.243788	0.228190	0.231295	0.231830	0.237149	0.238330	0.234778	0.238700	0.233531	0.251355	0.232901	0.242560	0.243618	0.234592	0.247105	0.246298	0.248458	0.249072	0.000000	0.235930	0.240827	0.239109	0.234036	0.230598	0.249563	0.229429	0.232731	0.236651	0.236125	0.243945	0.241739	0.237660	0.239665	0.234183	0.236416	0.229378	0.241868	0.241879	0.243123	0.240069	0.236108	0.238769	0.227576	0.241551	0.237129	0.250125	0.235686	0.249085	0.241260	0.233606	0.237824	0.247554	0.234596	0.244943	
0.241745	0.230157	0.240887	0.240964	0.228173	0.237942	0.241623	0.231093	0.237660	0.228364	0.233383	0.235201	0.235648	0.232285	0.237246	0.237859	0.230311	0.244888	0.239586	0.242910	0.241840	0.235930	0.000000	0.239291	0.234800	0.219884	0.224412	0.232459	0.235326	0.227228	0.242562	0.237831	0.237971	0.245156	0.241371	0.239489	0.234331	0.235632	0.239232	0.239049	0.238321	0.234522	0.238412	0.230997	0.223518	0.229249	0.228458	0.236269	0.238665	0.228550	0.239028	0.235844	0.233127	0.229136	0.235332	0.227233	0.227206	
0.245740	0.236835	0.252159	0.241439	0.233550	0.226779	0.241431	0.240865	0.240297	0.240090	0.249557	0.234690	0.246158	0.230462	0.244852	0.245222	0.232454	0.242903	0.250371	0.237401	0.245914	0.240827	0.239291	0.000000	0.244054	0.222800	0.232632	0.237237	0.239592	0.240456	0.253222	0.235547	0.253258	0.238995	0.243577	0.244089	0.235591	0.240920	0.239626	0.254386	0.240741	0.236666	0.241107	0.243076	0.238072	0.240347	0.238569	0.233515	0.244694	0.235614	0.242083	0.233309	0.235382	0.240603	0.242573	0.233266	0.239012	
0.238710	0.231107	0.248946	0.238921	0.230945	0.237576	0.235096	0.227330	0.232471	0.231467	0.234106	0.232235	0.233071	0.235427	0.243513	0.241956	0.236191	0.234185	0.235031	0.244852	0.244898	0.239109	0.234800	0.244054	0.000000	0.219018	0.234805	0.236062	0.228733	0.226096	0.230354	0.231218	0.222513	0.244122	0.241499	0.240901	0.224089	0.227858	0.237017	0.232900	0.236730	0.242394	0.229891	0.236346	0.233342	0.229965	0.232000	0.237242	0.237964	0.234724	0.244345	0.225607	0.234620	0.231419	0.246220	0.230859	0.237410	
0.236665	0.230477	0.231711	0.238095	0.220173	0.228045	0.234748	0.223692	0.237569	0.229885	0.248126	0.230565	0.247304	0.217378	0.242238	0.238856	0.231267	0.230793	0.239350	0.231924	0.236107	0.234036	0.219884	0.222800	0.219018	0.000000	0.234182	0.234476	0.226335	0.218837	0.228515	0.226462	0.235294	0.227973	0.234753	0.238226	0.222055	0.225765	0.238206	0.227593	0.237461	0.229443	0.224540	0.235150	0.223555	0.233906	0.233067	0.229096	0.232170	0.223414	0.238261	0.219743	0.225599	0.231453	0.237380	0.229831	0.226172	
0.246414	0.230333	0.240051	0.239975	0.230892	0.230404	0.231897	0.229440	0.245361	0.227566	0.231426	0.229477	0.224182	0.233184	0.247112	0.232424	0.232753	0.245132	0.242028	0.239706	0.242725	0.230598	0.224412	0.232632	0.234805	0.234182	0.000000	0.233473	0.224428	0.230621	0.241368	0.229668	0.222821	0.234405	0.240652	0.241566	0.233174	0.228697	0.234292	0.248401	0.240597	0.236935	0.233323	0.234430	0.232640	0.231828	0.238830	0.244551	0.235256	0.230917	0.241008	0.231431	0.240064	0.232960	0.242301	0.222300	0.240280	
0.238036	0.245756	0.239489	0.242879	0.226658	0.226716	0.238795	0.236822	0.246551	0.237974	0.243114	0.241366	0.236585	0.236456	0.235650	0.241692	0.236497	0.249687	0.242857	0.244550	0.247990	0.249563	0.232459	0.237237	0.236062	0.234476	0.233473	0.000000	0.230057	0.228894	0.243052	0.239303	0.239877	0.247350	0.245425	0.240759	0.233047	0.241005	0.238400	0.237956	0.246697	0.230808	0.239218	0.237964	0.239990	0.238645	0.236066	0.243529	0.247532	0.242667	0.242978	0.233734	0.241891	0.235058	0.249751	0.238977	0.241232	
0.236686	0.229067	0.248456	0.235231	0.223001	0.236797	0.238209	0.231434	0.237480	0.233944	0.235519	0.220916	0.247921	0.227347	0.237760	0.238250	0.233044	0.246237	0.242799	0.239171	0.236835	0.229429	0.235326	0.239592	0.228733	0.226335	0.224428	0.230057	0.000000	0.234134	0.239481	0.226685	0.224091	0.236378	0.241927	0.238594	0.225614	0.229415	0.240488	0.242970	0.234332	0.240065	0.238838	0.233378	0.227396	0.230873	0.235135	0.236579	0.242950	0.238018	0.247660	0.232071	0.242988	0.228448	0.238513	0.228651	0.233504	
0.242552	0.236298	0.233383	0.242019	0.233115	0.228028	0.234322	0.243817	0.236698	0.233426	0.237897	0.236371	0.240012	0.230963	0.239521	0.249564	0.235368	0.245349	0.240129	0.236783	0.238795	0.232731	0.227228	0.240456	0.226096	0.218837	0.230621	0.228894	0.234134	0.000000	0.241818	0.240741	0.224401	0.237750	0.242432	0.238980	0.228771	0.232044	0.232744	0.243277	0.229319	0.234531	0.236273	0.238758	0.228443	0.239244	0.248124	0.238475	0.245420	0.231877	0.243556	0.226270	0.239103	0.229410	0.244094	0.238871	0.239395	
0.244887	0.243274	0.245770	0.242489	0.240559	0.232686	0.239296	0.244252	0.249058	0.248632	0.241951	0.229114	0.244011	0.247493	0.245135	0.249526	0.244306	0.251880	0.247914	0.245156	0.248987	0.236651	0.242562	0.253222	0.230354	0.228515	0.241368	0.243052	0.239481	0.241818	0.000000	0.248762	0.224572	0.247565	0.249664	0.247854	0.241107	0.233788	0.236053	0.238969	0.245844	0.246760	0.244887	0.248315	0.237683	0.242522	0.246546	0.237800	0.244848	0.240860	0.245813	0.233351	0.244402	0.236388	0.241415	0.239705	0.250739	
0.236589	0.245725	0.246461	0.245274	0.235566	0.228385	0.233006	0.238544	0.233165	0.229188	0.236124	0.230955	0.239385	0.231576	0.243078	0.240548	0.243567	0.250000	0.240638	0.237481	0.246201	0.236125	0.237831	0.235547	0.231218	0.226462	0.229668	0.239303	0.226685	0.240741	0.248762	0.000000	0.237050	0.232688	0.239372	0.242807	0.234783	0.237306	0.239709	0.237548	0.226376	0.245110	0.236722	0.234043	0.239053	0.231491	0.233062	0.238579	0.242843	0.227284	0.246579	0.236437	0.233367	0.231608	0.236623	0.239704	0.235205	
0.242385	0.231659	0.240451	0.238548	0.227799	0.223306	0.223449	0.244222	0.235217	0.225241	0.245080	0.231196	0.230279	0.229112	0.237784	0.247826	0.247602	0.245119	0.238903	0.239357	0.243467	0.243945	0.237971	0.253258	0.222513	0.235294	0.222821	0.239877	0.224091	0.224401	0.224572	0.237050	0.000000	0.239387	0.233783	0.238528	0.226461	0.221818	0.244974	0.235618	0.229021	0.249566	0.230235	0.237950	0.230266	0.231941	0.234238	0.233653	0.242385	0.232942	0.250114	0.233275	0.244328	0.236419	0.249630	0.228571	0.243478	
0.241276	0.233696	0.253234	0.246395	0.233246	0.244923	0.242185	0.245108	0.234223	0.237661	0.246048	0.228685	0.248408	0.234702	0.244183	0.240560	0.239005	0.250124	0.246326	0.246016	0.243311	0.241739	0.245156	0.238995	0.244122	0.227973	0.234405	0.247350	0.236378	0.237750	0.247565	0.232688	0.239387	0.000000	0.241216	0.235528	0.237595	0.240824	0.242794	0.244025	0.235680	0.238679	0.238166	0.232918	0.242918	0.240260	0.240402	0.246438	0.245026	0.231325	0.249077	0.234138	0.237572	0.240838	0.240145	0.242991	0.245015	
0.251423	0.236340	0.250371	0.238460	0.238002	0.234008	0.240630	0.244145	0.248204	0.227250	0.249555	0.241393	0.243969	0.239549	0.239801	0.249814	0.240778	0.256245	0.243384	0.251733	0.247269	0.237660	0.241371	0.243577	0.241499	0.234753	0.240652	0.245425	0.241927	0.242432	0.249664	0.239372	0.233783	0.241216	0.000000	0.240750	0.246290	0.246001	0.237689	0.232928	0.241915	0.247451	0.248515	0.249009	0.240418	0.240892	0.246821	0.247144	0.236809	0.237683	0.255637	0.239318	0.246528	0.241815	0.244597	0.233179	0.246969	
0.240681	0.229525	0.246981	0.241447	0.235505	0.232409	0.240955	0.238012	0.245180	0.237033	0.233067	0.238264	0.257220	0.237762	0.243987	0.237977	0.232223	0.246670	0.239635	0.240928	0.249010	0.239665	0.239489	0.244089	0.240901	0.238226	0.241566	0.240759	0.238594	0.238980	0.247854	0.242807	0.238528	0.235528	0.240750	0.000000	0.239295	0.242812	0.243889	0.245731	0.246750	0.240585	0.233769	0.251544	0.235411	0.228564	0.241799	0.240158	0.251372	0.241975	0.256806	0.238295	0.235702	0.236211	0.237598	0.238274	0.243397	
0.236909	0.244670	0.248661	0.242281	0.231308	0.240758	0.236981	0.226062	0.239570	0.230597	0.240700	0.243115	0.226945	0.219126	0.237793	0.234306	0.233407	0.242596	0.242817	0.234217	0.246992	0.234183	0.234331	0.235591	0.224089	0.222055	0.233174	0.233047	0.225614	0.228771	0.241107	0.234783	0.226461	0.237595	0.246290	0.239295	0.000000	0.230083	0.234538	0.237458	0.246870	0.228499	0.231765	0.233491	0.230940	0.228996	0.232477	0.228916	0.240342	0.227976	0.244533	0.221348	0.228599	0.229068	0.247739	0.237996	0.229311	
0.235772	0.231774	0.242805	0.240721	0.226093	0.224362	0.234059	0.239578	0.232765	0.232200	0.239726	0.231707	0.231980	0.233015	0.241969	0.245854	0.231276	0.236449	0.233753	0.232844	0.232528	0.236416	0.235632	0.240920	0.227858	0.225765	0.228697	0.241005	0.229415	0.232044	0.233788	0.237306	0.221818	0.240824	0.246001	0.242812	0.230083	0.000000	0.233913	0.244435	0.237818	0.226112	0.237284	0.240493	0.240707	0.227499	0.238020	0.238982	0.235964	0.225654	0.238331	0.226085	0.235356	0.228084	0.239026	0.234877	0.238994	
0.246903	0.238312	0.246907	0.239154	0.233943	0.242147	0.240808	0.240874	0.246760	0.231844	0.242628	0.246193	0.231506	0.232545	0.252832	0.240741	0.238359	0.253161	0.235343	0.240990	0.243034	0.229378	0.239232	0.239626	0.237017	0.238206	0.234292	0.238400	0.240488	0.232744	0.236053	0.239709	0.244974	0.242794	0.237689	0.243889	0.234538	0.233913	0.000000	0.248875	0.239221	0.243019	0.233709	0.246971	0.235651	0.233122	0.234401	0.232828	0.246598	0.243802	0.240988	0.238121	0.234677	0.225655	0.234397	0.243754	0.242841	
0.238413	0.236457	0.241221	0.250938	0.237907	0.246886	0.239344	0.235936	0.241408	0.251375	0.231421	0.239491	0.254730	0.234578	0.247687	0.250210	0.234007	0.254902	0.248117	0.250105	0.242539	0.241868	0.239049	0.254386	0.232900	0.227593	0.248401	0.237956	0.242970	0.243277	0.238969	0.237548	0.235618	0.244025	0.232928	0.245731	0.237458	0.244435	0.248875	0.000000	0.237410	0.245489	0.235491	0.236523	0.236059	0.244779	0.242564	0.240803	0.246529	0.240919	0.249251	0.249271	0.249162	0.230769	0.245190	0.234827	0.236546	
0.242348	0.232813	0.244489	0.238250	0.230263	0.234768	0.243202	0.238071	0.239528	0.238411	0.236402	0.243319	0.247479	0.232564	0.246917	0.248238	0.246845	0.252004	0.255079	0.244300	0.247614	0.241879	0.238321	0.240741	0.236730	0.237461	0.240597	0.246697	0.234332	0.229319	0.245844	0.226376	0.229021	0.235680	0.241915	0.246750	0.246870	0.237818	0.239221	0.237410	0.000000	0.244344	0.240351	0.241466	0.243884	0.236136	0.246026	0.241275	0.251711	0.236961	0.245684	0.236546	0.245411	0.233685	0.245376	0.234118	0.237582	
0.238498	0.233195	0.243418	0.240030	0.230065	0.229866	0.247376	0.233675	0.246453	0.228225	0.246583	0.238776	0.244235	0.238742	0.244694	0.239510	0.229767	0.242552	0.248446	0.243720	0.243963	0.243123	0.234522	0.236666	0.242394	0.229443	0.236935	0.230808	0.240065	0.234531	0.246760	0.245110	0.249566	0.238679	0.247451	0.240585	0.228499	0.226112	0.243019	0.245489	0.244344	0.000000	0.241980	0.247264	0.243622	0.229773	0.236163	0.240219	0.244975	0.236757	0.242759	0.230464	0.243021	0.229773	0.233847	0.234043	0.237503	
0.243631	0.235127	0.240356	0.248209	0.242997	0.245657	0.237739	0.233184	0.239287	0.232412	0.243187	0.229158	0.248415	0.238989	0.247076	0.239195	0.238024	0.251482	0.243564	0.242327	0.240874	0.240069	0.238412	0.241107	0.229891	0.224540	0.233323	0.239218	0.238838	0.236273	0.244887	0.236722	0.230235	0.238166	0.248515	0.233769	0.231765	0.237284	0.233709	0.235491	0.240351	0.241980	0.000000	0.248018	0.239352	0.233077	0.242583	0.244660	0.245311	0.234043	0.238982	0.228677	0.236346	0.239782	0.246320	0.229028	0.234537	
0.235819	0.246071	0.245610	0.244439	0.227629	0.246470	0.236615	0.235602	0.244731	0.228758	0.253191	0.237416	0.243137	0.240671	0.244212	0.247763	0.240329	0.252970	0.247277	0.248143	0.246398	0.236108	0.230997	0.243076	0.236346	0.235150	0.234430	0.237964	0.233378	0.238758	0.248315	0.234043	0.237950	0.232918	0.249009	0.251544	0.233491	0.240493	0.246971	0.236523	0.241466	0.247264	0.248018	0.000000	0.235309	0.240258	0.246818	0.245649	0.242053	0.242627	0.245283	0.231017	0.247763	0.233325	0.242722	0.236422	0.241209	
0.241663	0.241245	0.231726	0.235104	0.234175	0.230583	0.232619	0.239158	0.242334	0.236915	0.238988	0.232355	0.234867	0.223201	0.244183	0.244183	0.231001	0.245710	0.233010	0.240169	0.240010	0.238769	0.223518	0.238072	0.233342	0.223555	0.232640	0.239990	0.227396	0.228443	0.237683	0.239053	0.230266	0.242918	0.240418	0.235411	0.230940	0.240707	0.235651	0.236059	0.243884	0.243622	0.239352	0.235309	0.000000	0.234971	0.230557	0.231653	0.225434	0.231823	0.241097	0.232853	0.241638	0.229099	0.230440	0.229828	0.244030	
0.241884	0.228424	0.246161	0.236224	0.228805	0.233347	0.241857	0.229213	0.243552	0.235146	0.241543	0.231074	0.249396	0.226931	0.241216	0.241654	0.228636	0.243558	0.240208	0.240764	0.239682	0.227576	0.229249	0.240347	0.229965	0.233906	0.231828	0.238645	0.230873	0.239244	0.242522	0.231491	0.231941	0.240260	0.240892	0.228564	0.228996	0.227499	0.233122	0.244779	0.236136	0.229773	0.233077	0.240258	0.234971	0.000000	0.243702	0.229908	0.239790	0.229358	0.244619	0.233416	0.233027	0.229260	0.244094	0.228821	0.235994	
0.244954	0.239751	0.243526	0.245339	0.235662	0.230551	0.238828	0.235206	0.237846	0.238228	0.235855	0.239683	0.240774	0.232746	0.248435	0.237916	0.239327	0.246763	0.244705	0.254174	0.248312	0.241551	0.228458	0.238569	0.232000	0.233067	0.238830	0.236066	0.235135	0.248124	0.246546	0.233062	0.234238	0.240402	0.246821	0.241799	0.232477	0.238020	0.234401	0.242564	0.246026	0.236163	0.242583	0.246818	0.230557	0.243702	0.000000	0.235309	0.242134	0.229006	0.245651	0.232836	0.232192	0.232285	0.250740	0.234658	0.237111	
0.247889	0.239462	0.238591	0.242387	0.222913	0.237728	0.244269	0.234500	0.235894	0.242317	0.237897	0.225883	0.220139	0.232698	0.240080	0.247320	0.238369	0.245536	0.244599	0.245409	0.245518	0.237129	0.236269	0.233515	0.237242	0.229096	0.244551	0.243529	0.236579	0.238475	0.237800	0.238579	0.233653	0.246438	0.247144	0.240158	0.228916	0.238982	0.232828	0.240803	0.241275	0.240219	0.244660	0.245649	0.231653	0.229908	0.235309	0.000000	0.239408	0.235966	0.249671	0.229874	0.232894	0.241791	0.240079	0.231374	0.244847	
0.244061	0.235095	0.246131	0.254741	0.242693	0.233577	0.240559	0.245283	0.239609	0.240172	0.245666	0.237868	0.252961	0.246267	0.243087	0.251694	0.234139	0.248002	0.241000	0.239620	0.252571	0.250125	0.238665	0.244694	0.237964	0.232170	0.235256	0.247532	0.242950	0.245420	0.244848	0.242843	0.242385	0.245026	0.236809	0.251372	0.240342	0.235964	0.246598	0.246529	0.251711	0.244975	0.245311	0.242053	0.225434	0.239790	0.242134	0.239408	0.000000	0.237178	0.244574	0.236954	0.246613	0.240421	0.253795	0.236119	0.245627	
0.239416	0.233900	0.251978	0.236485	0.238080	0.245161	0.236793	0.234048	0.239653	0.228004	0.236811	0.234387	0.245175	0.237487	0.244588	0.244594	0.232918	0.241848	0.240466	0.238991	0.244665	0.235686	0.228550	0.235614	0.234724	0.223414	0.230917	0.242667	0.238018	0.231877	0.240860	0.227284	0.232942	0.231325	0.237683	0.241975	0.227976	0.225654	0.243802	0.240919	0.236961	0.236757	0.234043	0.242627	0.231823	0.229358	0.229006	0.235966	0.237178	0.000000	0.244229	0.232840	0.236039	0.235265	0.252941	0.230769	0.242394	
0.246069	0.241764	0.246988	0.246468	0.248714	0.235741	0.253318	0.245979	0.254984	0.236751	0.250234	0.238443	0.247882	0.238739	0.254416	0.251780	0.238774	0.261917	0.238332	0.247377	0.251445	0.249085	0.239028	0.242083	0.244345	0.238261	0.241008	0.242978	0.247660	0.243556	0.245813	0.246579	0.250114	0.249077	0.255637	0.256806	0.244533	0.238331	0.240988	0.249251	0.245684	0.242759	0.238982	0.245283	0.241097	0.244619	0.245651	0.249671	0.244574	0.244229	0.000000	0.239990	0.248490	0.245144	0.242891	0.249615	0.252491	
0.237707	0.233917	0.240069	0.238177	0.237476	0.238710	0.241688	0.236829	0.246104	0.239779	0.246895	0.231317	0.236303	0.233075	0.244538	0.244974	0.233640	0.239882	0.238330	0.232840	0.236314	0.241260	0.235844	0.233309	0.225607	0.219743	0.231431	0.233734	0.232071	0.226270	0.233351	0.236437	0.233275	0.234138	0.239318	0.238295	0.221348	0.226085	0.238121	0.249271	0.236546	0.230464	0.228677	0.231017	0.232853	0.233416	0.232836	0.229874	0.236954	0.232840	0.239990	0.000000	0.230178	0.228161	0.232604	0.238343	0.243517	
0.244538	0.237788	0.247211	0.240158	0.233366	0.234818	0.239759	0.250187	0.246024	0.235576	0.236975	0.246325	0.244707	0.231426	0.248565	0.243270	0.239430	0.248450	0.244726	0.238899	0.245828	0.233606	0.233127	0.235382	0.234620	0.225599	0.240064	0.241891	0.242988	0.239103	0.244402	0.233367	0.244328	0.237572	0.246528	0.235702	0.228599	0.235356	0.234677	0.249162	0.245411	0.243021	0.236346	0.247763	0.241638	0.233027	0.232192	0.232894	0.246613	0.236039	0.248490	0.230178	0.000000	0.231859	0.241967	0.240105	0.240010	
0.238721	0.228925	0.245605	0.242027	0.220516	0.242718	0.229010	0.226547	0.239891	0.231060	0.249184	0.243361	0.236182	0.230268	0.244395	0.237372	0.232018	0.240099	0.231093	0.244120	0.241431	0.237824	0.229136	0.240603	0.231419	0.231453	0.232960	0.235058	0.228448	0.229410	0.236388	0.231608	0.236419	0.240838	0.241815	0.236211	0.229068	0.228084	0.225655	0.230769	0.233685	0.229773	0.239782	0.233325	0.229099	0.229260	0.232285	0.241791	0.240421	0.235265	0.245144	0.228161	0.231859	0.000000	0.232558	0.228961	0.235629	
0.248610	0.235630	0.248858	0.245517	0.234375	0.240876	0.250874	0.234985	0.241334	0.240820	0.235381	0.231905	0.239015	0.229215	0.252704	0.231879	0.242543	0.249673	0.253189	0.249510	0.238703	0.247554	0.235332	0.242573	0.246220	0.237380	0.242301	0.249751	0.238513	0.244094	0.241415	0.236623	0.249630	0.240145	0.244597	0.237598	0.247739	0.239026	0.234397	0.245190	0.245376	0.233847	0.246320	0.242722	0.230440	0.244094	0.250740	0.240079	0.253795	0.252941	0.242891	0.232604	0.241967	0.232558	0.000000	0.238445	0.248938	
0.228340	0.233515	0.233353	0.231704	0.234690	0.231954	0.227806	0.229112	0.233740	0.227967	0.234438	0.231996	0.237265	0.228296	0.235929	0.231867	0.235896	0.247972	0.243761	0.238689	0.240536	0.234596	0.227233	0.233266	0.230859	0.229831	0.222300	0.238977	0.228651	0.238871	0.239705	0.239704	0.228571	0.242991	0.233179	0.238274	0.237996	0.234877	0.243754	0.234827	0.234118	0.234043	0.229028	0.236422	0.229828	0.228821	0.234658	0.231374	0.236119	0.230769	0.249615	0.238343	0.240105	0.228961	0.238445	0.000000	0.231796	
0.241158	0.236673	0.247777	0.238401	0.222476	0.239403	0.247847	0.233010	0.238861	0.230480	0.245931	0.242568	0.245021	0.237619	0.235821	0.243351	0.239163	0.251359	0.244494	0.242769	0.245597	0.244943	0.227206	0.239012	0.237410	0.226172	0.240280	0.241232	0.233504	0.239395	0.250739	0.235205	0.243478	0.245015	0.246969	0.243397	0.229311	0.238994	0.242841	0.236546	0.237582	0.237503	0.234537	0.241209	0.244030	0.235994	0.237111	0.244847	0.245627	0.242394	0.252491	0.243517	0.240010	0.235629	0.248938	0.231796	0.000000	
