0.00000000099999999937 0.00000000099999999937 0.00000000099999999937 0.99999999700000008485 
0.00000000099999999980 0.00000000099999999980 0.00000000099999999980 0.99999999700000008485 
0.00000000099999999918 0.00000000099999999918 0.00000000099999999918 0.99999999700000008485 
0.00000000099999999892 0.00000000099999999892 0.00000000099999999892 0.99999999700000008485 
0.00000000099999999881 0.00000000099999999881 0.00000000099999999881 0.99999999700000008485 
0.02263308697177599318 0.00000000099999999983 0.97736691102822403909 0.00000000099999999983 
0.00000000099999999980 0.00000000099999999980 0.99999999699999986280 0.00000000099999999980 
0.00000000099999999996 0.00000000099999999996 0.99999999699999986280 0.00000000099999999996 
0.00000000099999999972 0.00000000099999999972 0.99999999699999997382 0.00000000099999999972 
0.00000000099999999923 0.00000000099999999923 0.99999999699999997382 0.00000000099999999923 
0.00000000099999999995 0.00000000099999999995 0.99481024492162861694 0.00518975307837136069 
0.00000030653660784046 0.09516999027010629442 0.09271477125488852833 0.81211493193839734417 
0.00000000099999999889 0.99999999699999986280 0.00000000099999999889 0.00000000099999999889 
0.00000000099999999963 0.00000000099999999963 0.99999999699999986280 0.00000000099999999963 
0.00000000099999999995 0.98107067768573152922 0.01892932031426846490 0.00000000099999999995 
0.00000000099999999912 0.00000000099999999912 0.00000000099999999912 0.99999999699999997382 
0.00000000099999999918 0.00000000099999999918 0.99999999699999997382 0.00000000099999999918 
0.03391505559042065632 0.00000000099999999948 0.96608494240957920596 0.00000000099999999948 
0.05152742489311885887 0.00000000099999999971 0.94847257310688115606 0.00000000099999999971 
0.00000000099999999943 0.99999999699999997382 0.00000000099999999943 0.00000000099999999943 
0.00000000099999999999 0.98685224505156332597 0.01049303792152595990 0.00265471602691082957 
0.00000000099999999904 0.00000000099999999904 0.99999999699999997382 0.00000000099999999904 
0.00000000099999999929 0.00000000099999999929 0.99999999699999986280 0.00000000099999999929 
0.27370469548288417494 0.01731463457500704781 0.70898066894210876043 0.00000000099999999998 
0.00000000099999999917 0.99999999699999997382 0.00000000099999999917 0.00000000099999999917 
0.00000000099999999994 0.00000000099999999994 0.99999999699999997382 0.00000000099999999994 
0.00000000099999999955 0.00000000099999999955 0.99999999699999997382 0.00000000099999999955 
0.00000000099999999883 0.00000000099999999883 0.00000000099999999883 0.99999999699999997382 
0.00000000099999999948 0.00000000099999999948 0.00000000099999999948 0.99999999699999997382 
0.00000000099999999934 0.00000000099999999934 0.99999999699999997382 0.00000000099999999934 
0.00000000099999999910 0.00000000099999999910 0.00000000099999999910 0.99999999699999997382 
0.04940139801019865357 0.00000000099999999997 0.00000000388161034740 0.95059859710819105683 
0.00000000099999999953 0.00000000099999999953 0.00000000099999999953 0.99999999700000008485 
0.38650928429499525896 0.00000000099999999959 0.61349071370500463107 0.00000000099999999959 
0.00000000099999999926 0.00000000099999999926 0.99999999699999986280 0.00000000099999999926 
0.56929431219751158721 0.00000000099999999980 0.43070568580248830282 0.00000000099999999980 
0.00000000099999999911 0.00000000099999999911 0.99999999699999986280 0.00000000099999999911 
0.00000000099999999919 0.00000000099999999919 0.99999999699999986280 0.00000000099999999919 
0.06439956160114719552 0.00000000099999999981 0.93560043639885270839 0.00000000099999999981 
0.06430718695715650912 0.00000000099999999975 0.93569281104284340866 0.00000000099999999975 
0.00000000099999999951 0.00000000099999999951 0.99999999699999986280 0.00000000099999999951 
0.00000000099999999935 0.00000000099999999935 0.99999999699999997382 0.00000000099999999935 
0.00000000099999999947 0.00000000099999999947 0.00000000099999999947 0.99999999700000008485 
0.00000000099999999934 0.00000000099999999934 0.00000000099999999934 0.99999999699999997382 
0.00000000099999999956 0.00000000099999999956 0.99999999699999997382 0.00000000099999999956 
0.00000000099999999895 0.00000000099999999895 0.00000000099999999895 0.99999999700000008485 
0.00000000099999999988 0.12126869913489084218 0.00000000099999999988 0.87873129886510925601 
0.00000000099999999997 0.96984924728608101763 0.03015075071391897649 0.00000000099999999997 
0.00000000099999999954 0.00000000099999999954 0.99999999699999986280 0.00000000099999999954 
0.00000000099999999979 0.06767459170603386254 0.00000000099999999979 0.93232540629396620790 
0.00000000100000000000 0.00575392622450817022 0.99114137220503317760 0.00310470057045866355 
0.13818761127221776408 0.00000000099999999977 0.86181238672778215371 0.00000000099999999977 
0.00000000099999999995 0.00000000099999999995 0.01880118671519983090 0.98119881128480013199 
0.01769638748227749664 0.00000000099999999998 0.00000000099999999998 0.98230361051772252523 
0.00000000099999999915 0.00000000099999999915 0.99999999699999997382 0.00000000099999999915 
0.20457292550708966461 0.03548002006371030193 0.75994705342920010338 0.00000000099999999998 
0.37542258535444555934 0.04643688541296706052 0.56443657007460934505 0.01370395915797802643 
0.00000000099999999926 0.00000000099999999926 0.99999999699999997382 0.00000000099999999926 
0.00000000099999999998 0.00000000099999999998 0.03760086207792213281 0.96239913592207781967 
0.10975652420442928714 0.02198551266311443708 0.84729333055590905222 0.02096463257654705009 
0.00000000099999999997 0.00000000099999999997 0.03483613644491983380 0.96516386155508016031 
0.00000000099999999989 0.00000000099999999989 0.00000000099999999989 0.99999999699999997382 
0.00000000099999999975 0.00000000099999999975 0.99999999699999986280 0.00000000099999999975 
0.00000000099999999942 0.99999999700000008485 0.00000000099999999942 0.00000000099999999942 
0.00000000099999999959 0.00000000099999999959 0.99999999699999986280 0.00000000099999999959 
0.00000000099999999919 0.00000000099999999919 0.99999999699999997382 0.00000000099999999919 
0.00000000099999999968 0.00000000099999999968 0.99999999699999997382 0.00000000099999999968 
0.00000000099999999996 0.00000000099999999996 0.99999999699999986280 0.00000000099999999996 
0.00000000099999999930 0.00000000099999999930 0.00000000099999999930 0.99999999700000008485 
0.00000000099999999924 0.00000000099999999924 0.99999999699999986280 0.00000000099999999924 
0.00000000099999999927 0.00000000099999999927 0.99999999699999997382 0.00000000099999999927 
0.00000000099999999882 0.99999999699999997382 0.00000000099999999882 0.00000000099999999882 
0.00000000099999999963 0.00000000099999999963 0.99999999699999986280 0.00000000099999999963 
0.00000000099999999925 0.00000000099999999925 0.99999999699999997382 0.00000000099999999925 
0.06420329082156486789 0.00000000099999999969 0.93579670717843499439 0.00000000099999999969 
0.00000000099999999948 0.00000000099999999948 0.99999999699999997382 0.00000000099999999948 
0.99999999700000008485 0.00000000099999999961 0.00000000099999999961 0.00000000099999999961 
0.04899039800642523285 0.00000000099999999968 0.95100959999357481678 0.00000000099999999968 
0.11034911482683232298 0.00000000099999999972 0.88965088317316765032 0.00000000099999999972 
0.03147086358127931804 0.00000000099999999951 0.96852913441872079403 0.00000000099999999951 
0.00000000099999999907 0.00000000099999999907 0.99999999699999986280 0.00000000099999999907 
0.00000000099999999889 0.00000000099999999889 0.99999999699999986280 0.00000000099999999889 
0.01271923551741060109 0.00000000099999999946 0.98728076248258944680 0.00000000099999999946 
0.00000000099999999977 0.00000000099999999977 0.99999999699999986280 0.00000000099999999977 
0.51458951870078462054 0.00000000099999999973 0.48541047929921532500 0.00000000099999999973 
0.00000000099999999928 0.98987001691060505504 0.00000000099999999928 0.01012998108939505010 
0.00000000099999999898 0.00000000099999999898 0.99999999699999986280 0.00000000099999999898 
0.01501053369966482733 0.00000000099999999943 0.98498946430033518240 0.00000000099999999943 
0.00000000099999999945 0.00000000099999999945 0.00000000099999999945 0.99999999699999997382 
0.16578746243444703046 0.00000000099999999992 0.83421253556555285957 0.00000000099999999992 
0.00000000099999999952 0.00000000099999999952 0.99999999699999986280 0.00000000099999999952 
0.00000000099999999935 0.00000000099999999935 0.99999999699999986280 0.00000000099999999935 
0.00000000099999999997 0.00000000099999999997 0.99929624555475371483 0.00070375244524635029 
0.00000000099999999918 0.00000000099999999918 0.99999999699999986280 0.00000000099999999918 
0.00000000099999999936 0.99999999699999997382 0.00000000099999999936 0.00000000099999999936 
0.03584433195560064733 0.00000000099999999948 0.96415566604439939535 0.00000000099999999948 
0.00000000099999999949 0.00000000099999999949 0.00000000099999999949 0.99999999699999997382 
0.00000000099999999879 0.00000000099999999879 0.00000000099999999879 0.99999999700000008485 
0.00000000099999999996 0.00000000099999999996 0.00978716197631689620 0.99021283602368326271 
0.00000000099999999944 0.00000000099999999944 0.99999999699999986280 0.00000000099999999944 
0.00000000099999999917 0.00000000099999999917 0.99999999699999997382 0.00000000099999999917 
0.00000000099999999940 0.00000000099999999940 0.99999999699999997382 0.00000000099999999940 
0.98335412948134715005 0.00000000099999999998 0.00000496824587411204 0.01664090127277891712 
0.96613353260849299531 0.03386646539150692942 0.00000000099999999997 0.00000000099999999997 
0.13079449393621331299 0.00000000099999999985 0.86920550406378671582 0.00000000099999999985 
0.00000000099999999934 0.00000000099999999934 0.99999999699999997382 0.00000000099999999934 
0.00000000099999999959 0.00000000099999999959 0.99999999699999997382 0.00000000099999999959 
0.00000000099999999930 0.00000000099999999930 0.99999999699999997382 0.00000000099999999930 
0.00000000099999999950 0.00000000099999999950 0.99999999699999986280 0.00000000099999999950 
0.32200761589465903834 0.00000000099999999969 0.67799238210534085169 0.00000000099999999969 
0.08165923192485720350 0.00570292879785834570 0.91263783827728450770 0.00000000100000000000 
0.10680131729550228215 0.00000000099999999983 0.89319868070449770503 0.00000000099999999983 
0.00000000099999999963 0.00000000099999999963 0.99999999699999986280 0.00000000099999999963 
0.00000000099999999909 0.00000000099999999909 0.00000000099999999909 0.99999999699999997382 
0.11795008801619444316 0.00000000099999999966 0.88204990998380539136 0.00000000099999999966 
0.17066765112696713480 0.00000000099999999980 0.82933234687303292176 0.00000000099999999980 
0.00639696122055610512 0.00000000099999999997 0.95835465518418361253 0.03524838259526029416 
0.03021529165117461946 0.00000000099999999971 0.96978470634882540935 0.00000000099999999971 
0.04614240910945191509 0.00000000099999999969 0.95385758889054794718 0.00000000099999999969 
0.10300959424312108870 0.00000000099999999986 0.89699040375687888460 0.00000000099999999986 
0.00000000099999999898 0.00000000099999999898 0.99999999699999986280 0.00000000099999999898 
0.95988110266785287017 0.00000000100000000000 0.00001260349297011078 0.04010629283917715310 
0.00000000100000000000 0.01992799540363862296 0.97560522648992764605 0.00446677710643382346 
0.10554553890274756545 0.00000000099999999966 0.89445445909725251887 0.00000000099999999966 
0.00000000099999999944 0.00000000099999999944 0.99999999699999997382 0.00000000099999999944 
0.00000000099999999935 0.00000000099999999935 0.99999999699999986280 0.00000000099999999935 
0.31420415350831032431 0.00000000099999999967 0.68579584449168962124 0.00000000099999999967 
0.69486407907714142773 0.00000000099999999991 0.30513591892285851781 0.00000000099999999991 
0.29174264105486241716 0.00000000099999999996 0.68265684339195775721 0.02560051455317974983 
0.00000000099999999941 0.00000000099999999941 0.99999999699999986280 0.00000000099999999941 
0.00000000099999999946 0.00000000099999999946 0.99999999699999986280 0.00000000099999999946 
0.00571304788375142942 0.00104579520908760202 0.99324115590716099966 0.00000000099999999987 
0.00000000099999999919 0.00000000099999999919 0.99999999699999997382 0.00000000099999999919 
0.05311609803428733734 0.00000000099999999998 0.94190746847271444864 0.00497643249299814516 
0.03941298716614653058 0.00000000099999999999 0.94919570632697336521 0.01139130550688023484 
0.00000000099999999912 0.99999999699999997382 0.00000000099999999912 0.00000000099999999912 
0.00000000099999999949 0.00209514273725888364 0.00000000099999999949 0.99790485526274108619 
0.00000000099999999945 0.99999999699999997382 0.00000000099999999945 0.00000000099999999945 
0.00000000099999999885 0.00000000099999999885 0.00000000099999999885 0.99999999700000008485 
0.00000000099999999951 0.15219859822113013248 0.00000000099999999951 0.84780139977887003511 
0.00000000099999999943 0.14330566396284427633 0.00000000099999999943 0.85669433403715578024 
0.00000000099999999926 0.99999999700000008485 0.00000000099999999926 0.00000000099999999926 
0.00000000099999999963 0.13550999968635918380 0.00000000099999999963 0.86448999831364081725 
0.00000000099999999927 0.00000000099999999927 0.99999999699999986280 0.00000000099999999927 
0.00000000099999999894 0.99999999699999986280 0.00000000099999999894 0.00000000099999999894 
0.00000000099999999915 0.00000000099999999915 0.99999999699999986280 0.00000000099999999915 
0.00000000099999999908 0.00000000099999999908 0.99999999699999986280 0.00000000099999999908 
0.00000000099999999895 0.00000000099999999895 0.99999999699999986280 0.00000000099999999895 
0.00000000099999999897 0.00000000099999999897 0.99999999699999997382 0.00000000099999999897 
0.00000000099999999940 0.00000000099999999940 0.99999999699999986280 0.00000000099999999940 
0.00000000099999999891 0.00000000099999999891 0.99999999699999997382 0.00000000099999999891 
0.00000000099999999976 0.00000000099999999976 0.99999999699999986280 0.00000000099999999976 
0.00000000099999999925 0.00000000099999999925 0.99999999699999986280 0.00000000099999999925 
0.00000000099999999922 0.00000000099999999922 0.99999999699999986280 0.00000000099999999922 
0.02895489315164143443 0.00000000099999999952 0.97104510484835848683 0.00000000099999999952 
0.14012425924459409599 0.00000000099999999958 0.85987573875540579404 0.00000000099999999958 
0.07298737948283023913 0.00000000099999999976 0.92701261851716987294 0.00000000099999999976 
0.00000000099999999997 0.98702737496351833357 0.01297262303648165360 0.00000000099999999997 
0.00000000099999999938 0.00000000099999999938 0.99999999699999997382 0.00000000099999999938 
0.99999999699999997382 0.00000000099999999957 0.00000000099999999957 0.00000000099999999957 
0.53749138765427850739 0.00000000099999999974 0.46250861034572149366 0.00000000099999999974 
0.67555991411270366331 0.00000000099999999975 0.32444008388729622672 0.00000000099999999975 
0.48748265451521199942 0.00000000099999999977 0.51251734348478794612 0.00000000099999999977 
0.43059609008761101645 0.00000000099999999970 0.56940390791238892909 0.00000000099999999970 
0.12273920816759950614 0.00000000099999999956 0.87726078983240052267 0.00000000099999999956 
0.00000000099999999969 0.00000000099999999969 0.99999999699999997382 0.00000000099999999969 
0.00000000099999999914 0.00000000099999999914 0.99999999699999986280 0.00000000099999999914 
0.00000000099999999969 0.99999999699999997382 0.00000000099999999969 0.00000000099999999969 
0.00000000099999999970 0.99999999699999997382 0.00000000099999999970 0.00000000099999999970 
0.55508648498405033234 0.00000000099999999975 0.44491351301594955769 0.00000000099999999975 
0.14697310549164574467 0.00000000099999999950 0.85302689250835428414 0.00000000099999999950 
0.34528250667441573452 0.00000000099999999977 0.65471749132558432205 0.00000000099999999977 
0.85215410056213303225 0.00000000099999999971 0.14784589743786696880 0.00000000099999999971 
0.00000000099999999943 0.00000000099999999943 0.00000000099999999943 0.99999999699999997382 
0.00000000099999999996 0.00000000099999999996 0.00646008979570992375 0.99353990820429016750 
0.10468888337803025634 0.00000000099999999956 0.89531111462196977246 0.00000000099999999956 
0.30353738400019836252 0.00000000099999999968 0.69646261399980147200 0.00000000099999999968 
0.18673450568916172276 0.00000000099999999965 0.81326549231083833380 0.00000000099999999965 
0.00000000099999999919 0.00000000099999999919 0.99999999699999997382 0.00000000099999999919 
0.15534138174932565768 0.00000000099999999991 0.84465861625067428786 0.00000000099999999991 
0.00000000099999999999 0.16639557748526084824 0.00536546430856153431 0.82823895720617757288 
0.00000000099999999952 0.00000000099999999952 0.99999999699999986280 0.00000000099999999952 
0.27838512746254878705 0.14690199084807356589 0.57471288068937753657 0.00000000099999999999 
0.00033478392853578001 0.00000000099999999997 0.05494201694980591077 0.94472319812165828079 
0.00000000099999999908 0.99999999700000008485 0.00000000099999999908 0.00000000099999999908 
0.00000000099999999975 0.00000000099999999975 0.00000000099999999975 0.99999999699999997382 
0.01424062161569334545 0.98575937638430666254 0.00000000099999999998 0.00000000099999999998 
0.01422196380396302008 0.98577803419603693413 0.00000000099999999995 0.00000000099999999995 
0.02498448613104733637 0.95780273947871230611 0.00000000099999999999 0.01721277339024038580 
0.00000000099999999920 0.99999999700000008485 0.00000000099999999920 0.00000000099999999920 
0.00000000099999999881 0.99999999699999997382 0.00000000099999999881 0.00000000099999999881 
0.01420471083217110346 0.98579528668984273132 0.00000000147798601518 0.00000000099999999999 
0.00000000099999999890 0.99999999699999986280 0.00000000099999999890 0.00000000099999999890 
0.00000000099999999937 0.00000000099999999937 0.00000000099999999937 0.99999999699999997382 
0.00000000099999999990 0.00000000099999999990 0.00000000099999999990 0.99999999700000008485 
0.00000000099999999996 0.00000000099999999996 0.08018376587496543750 0.91981623212503449416 
0.05513733087891439094 0.00000000099999999964 0.94486266712108546439 0.00000000099999999964 
0.00000000099999999987 0.00000000099999999987 0.00000000099999999987 0.99999999700000008485 
0.00000000099999999908 0.00000000099999999908 0.00000000099999999908 0.99999999700000008485 
0.00000000099999999930 0.00000000099999999930 0.00000000099999999930 0.99999999699999997382 
0.00000000099999999956 0.02486217888158281236 0.00000000099999999956 0.97513781911841723726 
0.00000000099999999913 0.99999999699999997382 0.00000000099999999913 0.00000000099999999913 
0.00000000099999999895 0.00000000099999999895 0.00000000099999999895 0.99999999699999997382 
0.00000000099999999917 0.99999999700000008485 0.00000000099999999917 0.00000000099999999917 
0.00000000099999999886 0.99999999699999986280 0.00000000099999999886 0.00000000099999999886 
0.00000000099999999906 0.99999999700000008485 0.00000000099999999906 0.00000000099999999906 
0.00000000099999999885 0.99999999699999997382 0.00000000099999999885 0.00000000099999999885 
0.00000000099999999896 0.99999999699999986280 0.00000000099999999896 0.00000000099999999896 
0.00000000099999999902 0.00000000099999999902 0.99999999699999986280 0.00000000099999999902 
0.00000000099999999905 0.00000000099999999905 0.99999999699999986280 0.00000000099999999905 
0.00000000099999999899 0.00000000099999999899 0.99999999699999986280 0.00000000099999999899 
0.00000000099999999945 0.00000000099999999945 0.99999999699999986280 0.00000000099999999945 
0.13121285565072032808 0.00000000099999999977 0.86878714234927967297 0.00000000099999999977 
0.00000000099999999894 0.00000000099999999894 0.99999999699999997382 0.00000000099999999894 
0.02727139479996036966 0.00000000099999999948 0.97272860320003962098 0.00000000099999999948 
0.00000000099999999919 0.00000000099999999919 0.99999999699999997382 0.00000000099999999919 
0.12040598802132740364 0.00000000099999999997 0.87959400997867265293 0.00000000099999999997 
0.33708993222662503308 0.00000000099999999960 0.66291006577337485695 0.00000000099999999960 
0.00000000099999999963 0.00000000099999999963 0.99999999699999986280 0.00000000099999999963 
0.03558171913454104274 0.00000000099999999978 0.96441827886545894444 0.00000000099999999978 
0.00000000099999999949 0.14199848169461348757 0.00000000099999999949 0.85800151630538656899 
0.00000000099999999891 0.00000000099999999891 0.00000000099999999891 0.99999999699999997382 
0.00000000099999999945 0.12759221731883577111 0.00000000099999999945 0.87240778068116431321 
0.00000000099999999946 0.11710682049203749444 0.00000000099999999946 0.88289317750796247886 
0.00000000099999999963 0.10871104558608744861 0.00000000099999999963 0.89128895241391259407 
0.00000000099999999883 0.00000000099999999883 0.00000000099999999883 0.99999999699999997382 
0.00000000099999999955 0.13582912391275603348 0.00000000099999999955 0.86417087408724402309 
0.00000000099999999949 0.12626036822866457121 0.00000000099999999949 0.87373962977133556862 
0.00000000099999999914 0.00000000099999999914 0.00000000099999999914 0.99999999700000008485 
0.00000000099999999956 0.15408043595655945834 0.00000000099999999956 0.84591956204344054271 
0.00000000099999999890 0.00000000099999999890 0.00000000099999999890 0.99999999700000008485 
0.00000000099999999944 0.16920323408195991899 0.00000000099999999944 0.83079676391804013758 
0.00000000099999999887 0.00000000099999999887 0.99999999699999986280 0.00000000099999999887 
0.00000000099999999903 0.00000000099999999903 0.99999999699999997382 0.00000000099999999903 
0.00000000099999999910 0.00000000099999999910 0.99999999699999986280 0.00000000099999999910 
0.00000000099999999936 0.00000000099999999936 0.99999999699999997382 0.00000000099999999936 
0.00000000099999999915 0.00000000099999999915 0.99999999699999986280 0.00000000099999999915 
0.00000000099999999936 0.00000000099999999936 0.99999999699999997382 0.00000000099999999936 
0.00000000099999999913 0.00000000099999999913 0.99999999699999986280 0.00000000099999999913 
0.00000000099999999888 0.99999999699999986280 0.00000000099999999888 0.00000000099999999888 
0.00000000099999999947 0.99999999699999997382 0.00000000099999999947 0.00000000099999999947 
0.00000000099999999946 0.00003758814493274847 0.00000000099999999946 0.99996240985506723575 
0.00000000099999999997 0.00000000099999999997 0.01640965339594137665 0.98359034460405869726 
0.00000000099999999894 0.00000000099999999894 0.00000000099999999894 0.99999999699999997382 
0.01514802402982493891 0.00000000099999999965 0.98485197397017498755 0.00000000099999999965 
0.00000000099999999920 0.00000000099999999920 0.00000000099999999920 0.99999999699999997382 
0.00000000099999999886 0.00000000099999999886 0.00000000099999999886 0.99999999699999997382 
0.00000000099999999902 0.00000000099999999902 0.00000000099999999902 0.99999999699999997382 
0.00000000099999999934 0.00000000099999999934 0.99999999699999997382 0.00000000099999999934 
0.00000000099999999908 0.00000000099999999908 0.99999999699999986280 0.00000000099999999908 
0.00000000099999999894 0.00000000099999999894 0.99999999699999986280 0.00000000099999999894 
0.00000000099999999924 0.00000000099999999924 0.99999999699999986280 0.00000000099999999924 
0.00000000099999999928 0.99999999700000008485 0.00000000099999999928 0.00000000099999999928 
0.00000000099999999953 0.00000000099999999953 0.99999999699999986280 0.00000000099999999953 
0.00270262102175875376 0.99729737591272227260 0.00000000206551882665 0.00000000099999999998 
0.00000000099999999900 0.00000000099999999900 0.99999999699999997382 0.00000000099999999900 
0.00000000099999999905 0.99999999700000008485 0.00000000099999999905 0.00000000099999999905 
0.01230885315510716130 0.00000000099999999994 0.00000000099999999994 0.98769114484489284322 
0.00000000099999999939 0.00000000099999999939 0.99999999699999997382 0.00000000099999999939 
0.00000000099999999936 0.14102567425169640347 0.00000000099999999936 0.85897432374830362534 
0.00000000099999999948 0.14965401344616832691 0.00000000099999999948 0.85034598455383159088 
0.00000000099999999920 0.99999999700000008485 0.00000000099999999920 0.00000000099999999920 
0.00000000099999999903 0.99999999700000008485 0.00000000099999999903 0.00000000099999999903 
0.00000000099999999912 0.00000000099999999912 0.00000000099999999912 0.99999999700000008485 
0.00000000099999999880 0.00000000099999999880 0.00000000099999999880 0.99999999700000008485 
0.00000000099999999913 0.00260282101960171604 0.00000000099999999913 0.99739717698039831451 
0.00000000099999999896 0.00000000099999999896 0.00000000099999999896 0.99999999699999997382 
0.00000000099999999904 0.00000000099999999904 0.00000000099999999904 0.99999999699999997382 
0.00000000099999999902 0.00000000099999999902 0.00000000099999999902 0.99999999700000008485 
0.00000000099999999895 0.99999999699999986280 0.00000000099999999895 0.00000000099999999895 
0.00000000099999999898 0.00000000099999999898 0.00000000099999999898 0.99999999700000008485 
0.00000000099999999897 0.00000000099999999897 0.99999999699999997382 0.00000000099999999897 
0.00000000099999999886 0.00000000099999999886 0.99999999699999997382 0.00000000099999999886 
0.00000000099999999886 0.00000000099999999886 0.99999999699999986280 0.00000000099999999886 
0.00000000099999999944 0.00000000099999999944 0.99999999699999986280 0.00000000099999999944 
0.01802292872780821009 0.00000000099999999965 0.98197706927219186035 0.00000000099999999965 
0.00000000099999999906 0.00000000099999999906 0.99999999699999997382 0.00000000099999999906 
0.00000000099999999913 0.00000000099999999913 0.99999999699999986280 0.00000000099999999913 
0.00000000099999999915 0.00000000099999999915 0.99999999699999986280 0.00000000099999999915 
0.99999999699999997382 0.00000000099999999993 0.00000000099999999993 0.00000000099999999993 
0.00000000099999999906 0.00000000099999999906 0.99999999699999986280 0.00000000099999999906 
0.01802139741716254906 0.00000000099999999997 0.24439619031231929469 0.73758241127051826780 
0.09183018787914086489 0.00000000099999999998 0.89897000094749457411 0.00919981017336454245 
0.00000000099999999939 0.99999999699999997382 0.00000000099999999939 0.00000000099999999939 
0.00000000099999999906 0.00000000099999999906 0.00000000099999999906 0.99999999699999997382 
0.00000000099999999948 0.00000000099999999948 0.00000000099999999948 0.99999999699999997382 
0.00000000099999999884 0.00000000099999999884 0.00000000099999999884 0.99999999699999997382 
0.00000000099999999933 0.00000000099999999933 0.00000000099999999933 0.99999999700000008485 
0.00000000099999999897 0.00000000099999999897 0.00000000099999999897 0.99999999699999997382 
0.00000000099999999901 0.00000000099999999901 0.00000000099999999901 0.99999999700000008485 
0.00000000099999999894 0.00000000099999999894 0.00000000099999999894 0.99999999700000008485 
0.00000000099999999896 0.00000000099999999896 0.00000000099999999896 0.99999999699999997382 
0.00000000099999999910 0.00000000099999999910 0.99999999699999986280 0.00000000099999999910 
0.00000000099999999900 0.00000000099999999900 0.99999999699999997382 0.00000000099999999900 
0.00000000099999999903 0.00000000099999999903 0.99999999699999997382 0.00000000099999999903 
0.00000000099999999892 0.00000000099999999892 0.99999999699999986280 0.00000000099999999892 
0.00000015325605046404 0.98773017511480531994 0.01226967062914422965 0.00000000099999999997 
0.00000000099999999885 0.00000000099999999885 0.99999999699999986280 0.00000000099999999885 
0.00000000099999999918 0.00000000099999999918 0.99999999699999997382 0.00000000099999999918 
0.00000000099999999948 0.00000000099999999948 0.99999999699999986280 0.00000000099999999948 
0.00000000099999999935 0.00000000099999999935 0.00000000099999999935 0.99999999699999997382 
0.03674040266396653293 0.00000000099999999995 0.94123448365964423878 0.02202511267638935372 
0.00000000099999999941 0.00000000099999999941 0.99999999699999986280 0.00000000099999999941 
0.00000000099999999881 0.00000000099999999881 0.00000000099999999881 0.99999999700000008485 
0.00000000099999999892 0.00000000099999999892 0.00000000099999999892 0.99999999699999997382 
0.00000000099999999926 0.00000000099999999926 0.00000000099999999926 0.99999999700000008485 
0.00000000099999999895 0.00000000099999999895 0.00000000099999999895 0.99999999699999997382 
0.00000000099999999913 0.00000000099999999913 0.00000000099999999913 0.99999999700000008485 
0.00000000099999999881 0.00000000099999999881 0.00000000099999999881 0.99999999699999997382 
0.00000000099999999898 0.00000000099999999898 0.00000000099999999898 0.99999999699999997382 
0.00000000099999999875 0.00000000099999999875 0.00000000099999999875 0.99999999699999997382 
0.00000000099999999894 0.00000000099999999894 0.00000000099999999894 0.99999999700000008485 
0.00000000099999999924 0.00000000099999999924 0.99999999699999997382 0.00000000099999999924 
0.00000000099999999906 0.00000000099999999906 0.99999999699999986280 0.00000000099999999906 
0.00000000099999999900 0.00000000099999999900 0.99999999699999997382 0.00000000099999999900 
0.00000000099999999914 0.00000000099999999914 0.99999999699999986280 0.00000000099999999914 
0.99999999700000008485 0.00000000099999999995 0.00000000099999999995 0.00000000099999999995 
0.00000000099999999904 0.00000000099999999904 0.99999999699999986280 0.00000000099999999904 
0.04790913561554527300 0.00000000099999999996 0.09555572345317762950 0.85653513993127705639 
0.00000000099999999998 0.95734666557349501481 0.04265333242650500706 0.00000000099999999998 
0.00000000099999999975 0.00000000099999999975 0.99999999699999986280 0.00000000099999999975 
0.14665981693510449224 0.00000000099999999995 0.00000000099999999995 0.85334018106489550881 
0.00000000099999999996 0.00000000099999999996 0.99617170350758543762 0.00382829449241453264 
0.00000000099999999882 0.99999999699999997382 0.00000000099999999882 0.00000000099999999882 
0.00000000099999999902 0.99999999700000008485 0.00000000099999999902 0.00000000099999999902 
0.00000000099999999883 0.99999999699999986280 0.00000000099999999883 0.00000000099999999883 
0.00000000099999999884 0.99999999699999997382 0.00000000099999999884 0.00000000099999999884 
0.00000000099999999882 0.99999999699999986280 0.00000000099999999882 0.00000000099999999882 
0.00000000099999999882 0.99999999699999986280 0.00000000099999999882 0.00000000099999999882 
0.00000000099999999879 0.99999999699999986280 0.00000000099999999879 0.00000000099999999879 
0.00000000099999999876 0.99999999699999986280 0.00000000099999999876 0.00000000099999999876 
0.00000000099999999893 0.99999999699999997382 0.00000000099999999893 0.00000000099999999893 
0.00000000099999999882 0.99999999699999997382 0.00000000099999999882 0.00000000099999999882 
0.00000000099999999878 0.99999999699999986280 0.00000000099999999878 0.00000000099999999878 
0.00000000099999999884 0.99999999699999997382 0.00000000099999999884 0.00000000099999999884 
0.00000000099999999901 0.00000000099999999901 0.99999999699999997382 0.00000000099999999901 
0.00000000099999999946 0.00000000099999999946 0.99999999699999986280 0.00000000099999999946 
0.00000000099999999962 0.00000000099999999962 0.99999999699999997382 0.00000000099999999962 
0.02335508024210391359 0.00000000099999999969 0.97664491775789608052 0.00000000099999999969 
0.00000000099999999904 0.00000000099999999904 0.99999999699999986280 0.00000000099999999904 
0.02538801862962655753 0.00000000099999999973 0.97461197937037336025 0.00000000099999999973 
0.01201864939582169070 0.00000000099999999984 0.98798134860417829994 0.00000000099999999984 
0.03350937003397849723 0.00000000099999999970 0.96649062796602136505 0.00000000099999999970 
0.00000000099999999921 0.00000000099999999921 0.00000000099999999921 0.99999999700000008485 
0.00000000099999999963 0.00000000099999999963 0.99999999699999997382 0.00000000099999999963 
0.03684442856618446588 0.00000000099999999958 0.96315556943381552824 0.00000000099999999958 
0.06579412888299347728 0.93420586911700653765 0.00000000099999999998 0.00000000099999999998 
0.04465367900670177276 0.00000000099999999969 0.95534631899329824911 0.00000000099999999969 
0.00000000099999999924 0.99999999700000008485 0.00000000099999999924 0.00000000099999999924 
0.00000000099999999891 0.00000000099999999891 0.99999999699999997382 0.00000000099999999891 
0.00000000099999999940 0.00000000099999999940 0.99999999699999986280 0.00000000099999999940 
0.00000000099999999880 0.99999999699999997382 0.00000000099999999880 0.00000000099999999880 
0.00000000099999999902 0.00000000099999999902 0.99999999699999986280 0.00000000099999999902 
0.00000000099999999922 0.00000000099999999922 0.99999999699999986280 0.00000000099999999922 
0.04259730779519570881 0.00000000099999999972 0.95740269020480428530 0.00000000099999999972 
0.00000000099999999907 0.00000000099999999907 0.99999999699999997382 0.00000000099999999907 
